429 357

429 359

427 360

420 363

420 369

422 371

426 361

427 357

428 358

429 360

429 361

430 362

429 363

429 362

430 361

429 360

430 361

431 361

432 364

432 364

433 364

433 366

434 365

436 352

91 250
96 250
98 239
254 275
306 283
347 271
367 327
415 416
427 260
435 343
461 318
521 161
525 236
578 185
592 330
634 50

260 287
325 213
345 251
349 271
437 341
462 317
527 299
527 251
527 235
533 313
587 327
636 49
638 63

29 336
291 371
293 286
296 349
348 251
439 339
614 203
622 59
638 49

443 337

445 339

445 338

445 337

445 337

445 336

446 336

184 9
449 336

449 335

449 335

449 335

449 335

449 335

449 337

449 339

448 340

448 342

448 344

447 346

447 348

446 351

446 350

446 350

446 347

448 345

449 344

449 343

449 342

449 342

450 342

451 345

451 345

451 345

450 346

449 346

448 343

448 342

449 343

450 345

451 346

452 350

454 356

453 357

453 356

451 352

450 349

449 348

448 347

448 347

447 347

448 348

448 348

448 349

449 351

450 351

450 353

450 353

451 353

450 353

450 354

450 353

450 354

450 355

450 357

450 359

450 361

451 362

452 364

451 364

452 365

452 366

453 370

449 372

439 372

431 371

424 370

424 371

435 371

445 373

460 372

471 372

477 373

477 373

474 374

466 374

460 374

452 375

449 375

450 376

448 376

450 374

449 375

449 375

448 375

448 374

446 371

445 368

446 365

446 363

445 362

446 361

447 361

448 358

444 361

445 359

445 362

446 362

447 361

447 361

446 361

446 362

445 365

444 370

444 376

444 378

443 379

442 379

443 379

443 379

444 381

445 373

446 374

446 374

446 375

445 376

447 378

451 377

