B/_01500.jpg,224,221,28,26,282,222,42,26
B/_01501.jpg,225,220,32,30,282,224,40,30
B/_01502.jpg,228,221,30,20,288,222,40,26
B/_01503.jpg,235,221,32,28,295,225,36,30
B/_01504.jpg,246,222,30,24,302,223,48,30
B/_01505.jpg,251,221,38,38,311,225,42,26
B/_01506.jpg,249,220,34,30,313,228,34,26
B/_01507.jpg,248,222,36,26,311,224,48,34
B/_01508.jpg,258,222,42,32,318,224,42,28
B/_01509.jpg,261,223,44,28,323,228,36,22
B/_01510.jpg,261,225,38,26,324,226,42,26
B/_01511.jpg,262,224,34,30,326,230,36,24
B/_01512.jpg,261,228,36,28,327,232,36,26
B/_01513.jpg,259,229,40,26
B/_01514.jpg,326,232,38,28,260,228,38,28
B/_01515.jpg,260,229,36,30,328,232,38,28
B/_01516.jpg,323,231,36,32,260,232,42,28
B/_01517.jpg,259,234,44,22,327,235,34,30
B/_01518.jpg,260,234,44,28,325,237,32,22
B/_01519.jpg,254,232,42,32,326,236,32,22
B/_01520.jpg,255,234,60,30,323,235,28,24
B/_01521.jpg,257,234,54,32,325,234,30,26
B/_01522.jpg,252,235,44,26,320,236,24,24
B/_01523.jpg,252,233,50,28
B/_01524.jpg,251,240,46,24
B/_01525.jpg,250,239,46,26
B/_01526.jpg,247,236,48,32
B/_01527.jpg,249,238,44,26
B/_01528.jpg,242,237,44,28
B/_01529.jpg,239,235,56,32
B/_01530.jpg,233,235,46,30
B/_01531.jpg,230,235,46,30
B/_01532.jpg,234,234,48,34
B/_01533.jpg,227,234,52,26
B/_01534.jpg,220,232,46,32
B/_01535.jpg,212,233,56,30
B/_01536.jpg,211,233,46,26
B/_01537.jpg,205,231,48,34
B/_01538.jpg,201,232,52,28
B/_01539.jpg,200,230,56,36
B/_01540.jpg,192,233,56,24
B/_01541.jpg,190,236,48,30
B/_01542.jpg,183,235,56,32
B/_01543.jpg,182,239,50,24
B/_01544.jpg,183,236,48,28
B/_01545.jpg,183,235,52,24
B/_01546.jpg,174,235,56,34
B/_01547.jpg,171,238,38,22
B/_01548.jpg,167,237,44,32
B/_01549.jpg,218,240,38,28,160,239,36,18
B/_01550.jpg,159,238,46,30,221,240,34,28
B/_01551.jpg,157,236,28,28,215,242,42,16
B/_01552.jpg,153,235,36,28,208,239,36,26
B/_01553.jpg,153,238,26,22,202,242,42,22
B/_01554.jpg,196,241,40,26
B/_01555.jpg,192,243,42,24
B/_01556.jpg,188,240,40,32
B/_01557.jpg,187,243,42,22
B/_01558.jpg,184,246,46,20
B/_01559.jpg,180,243,40,30
B/_01560.jpg,173,244,36,18
B/_01561.jpg,175,246,34,18
B/_01562.jpg,170,244,38,24
B/_01563.jpg,169,243,34,24
B/_01564.jpg,166,244,48,26
B/_01565.jpg,173,242,50,38,197,261,2,0
B/_01566.jpg,177,243,28,24
B/_01567.jpg
B/_01568.jpg
B/_01569.jpg
B/_01570.jpg
B/_01571.jpg
B/_01572.jpg
B/_01573.jpg
B/_01574.jpg
B/_01575.jpg
B/_01576.jpg
B/_01577.jpg
B/_01578.jpg
B/_01579.jpg
B/_01580.jpg
B/_01581.jpg
B/_01582.jpg
B/_01583.jpg
B/_01584.jpg
B/_01585.jpg
B/_01586.jpg
B/_01587.jpg
B/_01588.jpg
B/_01589.jpg
B/_01590.jpg
B/_01591.jpg
B/_01592.jpg
B/_01593.jpg
B/_01594.jpg
B/_01595.jpg
B/_01596.jpg
B/_01597.jpg
B/_01598.jpg
B/_01599.jpg
B/_01600.jpg
B/_01601.jpg
B/_01602.jpg
B/_01603.jpg
B/_01604.jpg
B/_01605.jpg
B/_01606.jpg
B/_01607.jpg
B/_01608.jpg
B/_01609.jpg
B/_01610.jpg
B/_01611.jpg
B/_01612.jpg
B/_01613.jpg
B/_01614.jpg
B/_01615.jpg
B/_01616.jpg
B/_01617.jpg
B/_01618.jpg
B/_01619.jpg
B/_01620.jpg
B/_01621.jpg
B/_01622.jpg
B/_01623.jpg
B/_01624.jpg
B/_01625.jpg
B/_01626.jpg
B/_01627.jpg
B/_01628.jpg
B/_01629.jpg
B/_01630.jpg
B/_01631.jpg
B/_01632.jpg
B/_01633.jpg
B/_01634.jpg
B/_01635.jpg
B/_01636.jpg
B/_01637.jpg
B/_01638.jpg
B/_01639.jpg
B/_01640.jpg
B/_01641.jpg
B/_01642.jpg
B/_01643.jpg
B/_01644.jpg
B/_01645.jpg
B/_01646.jpg
B/_01647.jpg
B/_01648.jpg
B/_01649.jpg
B/_01650.jpg
B/_01651.jpg
B/_01652.jpg
B/_01653.jpg
B/_01654.jpg
B/_01655.jpg
B/_01656.jpg
B/_01657.jpg
B/_01658.jpg
B/_01659.jpg
B/_01660.jpg
B/_01661.jpg
B/_01662.jpg
B/_01663.jpg
B/_01664.jpg
B/_01665.jpg
B/_01666.jpg
B/_01667.jpg
B/_01668.jpg
B/_01669.jpg
B/_01670.jpg
B/_01671.jpg
B/_01672.jpg
B/_01673.jpg,192,180,32,20
B/_01674.jpg,195,177,40,28
B/_01675.jpg,199,179,26,22
B/_01676.jpg,200,177,26,22
B/_01677.jpg,198,178,32,24
B/_01678.jpg,201,177,22,18
B/_01679.jpg,202,177,26,20
B/_01680.jpg,197,178,34,28
B/_01681.jpg,198,178,26,18
B/_01682.jpg,200,176,20,16
B/_01683.jpg,200,177,26,20
B/_01684.jpg,193,176,26,18
B/_01685.jpg,194,172,24,22
B/_01686.jpg,195,177,26,18
B/_01687.jpg,194,174,22,26
B/_01688.jpg,192,174,26,18
B/_01689.jpg,191,173,28,18
B/_01690.jpg,186,173,26,18
B/_01691.jpg,187,174,30,20
B/_01692.jpg,187,171,28,24
B/_01693.jpg,181,172,22,16
B/_01694.jpg,177,171,26,20
B/_01695.jpg,178,169,22,24
B/_01696.jpg,176,173,26,20
B/_01697.jpg,174,173,26,20
B/_01698.jpg,174,173,26,22
B/_01699.jpg,176,172,32,20
B/_01700.jpg,174,170,20,20
B/_01701.jpg,173,172,26,18
B/_01702.jpg,170,171,38,22
B/_01703.jpg,175,170,28,22
B/_01704.jpg,177,171,22,22
B/_01705.jpg,178,172,28,20
B/_01706.jpg,178,172,34,20
B/_01707.jpg,180,171,32,16
B/_01708.jpg,187,171,28,20
B/_01709.jpg
B/_01710.jpg
B/_01711.jpg
B/_01712.jpg,201,169,28,22
B/_01713.jpg,203,170,24,24
B/_01714.jpg,207,170,20,22
B/_01715.jpg,210,170,24,20
B/_01716.jpg,211,172,24,16
B/_01717.jpg,215,171,24,22
B/_01718.jpg,217,170,34,24
B/_01719.jpg,219,172,28,14
B/_01720.jpg,220,172,34,18
B/_01721.jpg,221,172,20,20
B/_01722.jpg,224,173,26,20
B/_01723.jpg,221,167,28,26
B/_01724.jpg,219,170,26,18
B/_01725.jpg,221,168,24,18
B/_01726.jpg,218,170,26,14
B/_01727.jpg,218,172,30,18
B/_01728.jpg,215,170,26,18
B/_01729.jpg,212,169,32,24
B/_01730.jpg,209,169,28,20
B/_01731.jpg,203,169,26,18
B/_01732.jpg,198,170,24,20
B/_01733.jpg,191,170,26,22
B/_01734.jpg,188,171,38,24
B/_01735.jpg,187,170,24,22
B/_01736.jpg,177,171,26,18
B/_01737.jpg,171,172,28,18
B/_01738.jpg,172,172,24,22
B/_01739.jpg,168,172,22,14
B/_01740.jpg,168,170,18,20
B/_01741.jpg,163,172,18,12
B/_01742.jpg,161,168,24,22
B/_01743.jpg,164,173,20,16
B/_01744.jpg,164,170,28,16
B/_01745.jpg,163,170,28,22
B/_01746.jpg,161,169,30,24
B/_01747.jpg,160,168,24,24
B/_01748.jpg,163,173,22,20
B/_01749.jpg,160,170,26,16
B/_01750.jpg,161,171,30,20
B/_01751.jpg,165,171,24,22
B/_01752.jpg,163,172,22,26
B/_01753.jpg,159,169,30,24
B/_01754.jpg,162,171,22,20
B/_01755.jpg,164,172,34,16
B/_01756.jpg,160,171,26,22
B/_01757.jpg,163,172,30,28
B/_01758.jpg,161,172,28,18
B/_01759.jpg,161,171,26,24
B/_01760.jpg,159,171,28,20
B/_01761.jpg,161,175,30,16
B/_01762.jpg,159,174,34,18
B/_01763.jpg,160,176,26,18
B/_01764.jpg,158,178,30,18
B/_01765.jpg,158,175,34,18
B/_01766.jpg,159,180,38,20
B/_01767.jpg,158,179,26,16,300,189,56,32
B/_01768.jpg,300,192,48,20,152,181,32,18
B/_01769.jpg,155,183,24,18,290,191,44,28
B/_01770.jpg,156,182,28,16,288,191,52,32
B/_01771.jpg,154,185,26,16,282,190,52,28
B/_01772.jpg,155,183,26,24,274,190,48,24
B/_01773.jpg,152,186,26,20,269,191,42,22
B/_01774.jpg,152,189,28,22,267,191,46,28
B/_01775.jpg,151,192,26,14,257,192,50,18
B/_01776.jpg,153,193,26,16,261,192,46,26
B/_01777.jpg,154,194,24,16,254,193,40,22
B/_01778.jpg,248,192,44,28,147,195,32,22
B/_01779.jpg,148,199,30,18,243,194,46,24,175,189,34,24
B/_01780.jpg,172,190,28,24,240,193,38,24
B/_01781.jpg,164,191,42,22,235,190,34,26
B/_01782.jpg,166,190,32,28,235,192,38,26
B/_01783.jpg,163,188,38,26,234,190,40,32
B/_01784.jpg,161,192,32,26,230,187,34,32
B/_01785.jpg,157,194,44,22,229,192,30,20
B/_01786.jpg,157,194,40,24,225,191,36,24
B/_01787.jpg,158,193,50,24,227,188,34,26
B/_01788.jpg,158,191,38,30,227,187,28,32
B/_01789.jpg,157,194,38,24,226,188,38,26
B/_01790.jpg,164,191,40,26,233,187,32,28
B/_01791.jpg,165,195,40,20,234,186,28,20
B/_01792.jpg,168,193,48,28,236,191,24,18
B/_01793.jpg,171,193,42,16,239,188,28,28
B/_01794.jpg,170,190,42,26,237,194,36,20
B/_01795.jpg,170,191,44,32,244,190,30,22
B/_01796.jpg,172,189,36,26,238,189,34,32
B/_01797.jpg,170,193,44,22,238,190,28,28
B/_01798.jpg,166,194,42,24,235,188,30,26
B/_01799.jpg,166,194,48,18,229,179,32,32
B/_01800.jpg,166,196,46,22,235,186,32,22
B/_01801.jpg,165,193,36,24,231,182,34,28
B/_01802.jpg,163,196,48,20,233,188,36,26
B/_01803.jpg,167,198,40,32,235,190,28,32
B/_01804.jpg,166,197,48,38,233,195,26,30
B/_01805.jpg,173,194,42,32,241,194,32,28
B/_01806.jpg,170,193,50,42,236,196,30,32
B/_01807.jpg,173,198,38,20,241,196,34,26
B/_01808.jpg,175,196,42,30,243,192,36,28
B/_01809.jpg,175,197,48,32,242,191,26,30
B/_01810.jpg,179,198,46,22
B/_01811.jpg,188,197,44,32
B/_01812.jpg,190,201,42,24
B/_01813.jpg,138,233,30,28,192,200,56,34
B/_01814.jpg,137,231,22,38,198,198,40,18
B/_01815.jpg,132,234,28,20,206,200,48,20
B/_01816.jpg,132,228,26,34,213,200,48,20
B/_01817.jpg,222,200,42,24,125,224,24,24
B/_01818.jpg,130,223,24,32,225,199,48,28
B/_01819.jpg,122,223,22,24,226,194,42,28
B/_01820.jpg,122,218,30,26,233,193,42,30
B/_01821.jpg,117,214,34,36,239,187,50,34
B/_01822.jpg,116,212,22,32,177,186,30,30,244,190,40,32
B/_01823.jpg,111,206,32,24,183,181,36,30,249,182,42,28,157,219,26,18
B/_01824.jpg,114,209,26,26,158,217,20,24,181,186,48,30,248,187,42,24
B/_01825.jpg,155,217,30,26,114,208,26,32,187,184,32,26,255,184,36,24
B/_01826.jpg,114,202,24,22,157,216,26,20,192,181,36,20,260,178,38,28
B/_01827.jpg,114,203,18,20,159,213,26,22,196,179,32,24,267,178,42,28
B/_01828.jpg,162,210,28,34,118,199,22,24,203,178,34,20,270,173,40,30,446,123,26,14
B/_01829.jpg,449,122,22,14,275,172,38,22,210,173,38,22,164,210,28,20,120,201,26,22
B/_01830.jpg,118,201,22,28,162,211,28,22,208,176,42,24,279,173,46,30,449,122,26,22
B/_01831.jpg,124,198,18,26,169,209,22,20,215,175,44,22,284,169,36,30,451,120,22,24
B/_01832.jpg,173,212,32,24,222,172,34,24,292,166,36,26
B/_01833.jpg,176,208,28,18,229,168,40,20,301,166,34,20,457,116,20,18
B/_01834.jpg,179,205,28,16,236,164,42,24,305,164,38,30,460,114,26,20
B/_01835.jpg,184,205,32,22,244,160,42,26,311,163,34,20
B/_01836.jpg,183,204,38,28,246,162,30,22,311,158,38,26
B/_01837.jpg,188,205,30,20,252,160,42,22,322,160,36,24
B/_01838.jpg,194,205,34,18,257,156,38,28,328,156,34,18
B/_01839.jpg,196,204,32,20,265,156,44,24,330,154,32,22
B/_01840.jpg,203,203,32,36,268,155,42,30,336,155,32,20
B/_01841.jpg,203,200,36,26,273,153,36,26,340,150,32,26
B/_01842.jpg,205,202,34,24,269,153,44,24,339,150,38,24
B/_01843.jpg,206,201,32,22,274,152,30,26,340,149,40,24
B/_01844.jpg,210,202,28,20,272,150,42,32,339,151,34,22
B/_01845.jpg,210,203,30,20,271,148,32,28,337,151,38,26
B/_01846.jpg,212,200,28,22,262,149,46,26,332,149,30,20
B/_01847.jpg,210,207,26,12,258,148,34,30,322,150,42,30
B/_01848.jpg,209,204,30,16,261,148,40,28,327,151,32,30
B/_01849.jpg,203,201,38,22,253,151,36,22,320,151,36,20
B/_01850.jpg,202,203,34,24,249,149,36,28,314,152,42,26
B/_01851.jpg,199,203,32,22,246,146,26,24,310,151,42,20
B/_01852.jpg,197,202,22,16,306,152,30,22
B/_01853.jpg,300,152,38,28,192,204,26,26
B/_01854.jpg,193,203,24,26,301,153,34,28
B/_01855.jpg,186,204,38,24,297,153,46,26
B/_01856.jpg,289,153,42,22,187,201,24,24
B/_01857.jpg,184,203,28,20,280,154,48,22
B/_01858.jpg,275,154,34,18
B/_01859.jpg,177,204,38,18
B/_01860.jpg,180,200,30,20,267,151,40,28
B/_01861.jpg,259,152,40,20,177,200,32,20
B/_01862.jpg,172,204,28,22,251,155,40,28,467,193,28,22
B/_01863.jpg,467,193,30,24,245,148,38,24,169,202,26,16
B/_01864.jpg,165,202,34,34,239,152,42,24,465,185,28,26
B/_01865.jpg,298,154,38,24,159,203,24,16,464,190,24,34
B/_01866.jpg,462,190,30,26,295,148,54,36,160,200,28,24
B/_01867.jpg,291,154,42,26,463,184,28,26,153,204,30,24
B/_01868.jpg,150,206,30,24,282,157,54,26,460,186,22,20
B/_01869.jpg,457,185,26,24,278,154,60,30,142,207,38,20
B/_01870.jpg,141,208,30,18,271,156,42,30,455,179,30,22
B/_01871.jpg,453,181,24,20,264,154,50,34,132,208,32,20
B/_01872.jpg,129,209,42,20,267,153,42,18,454,181,30,18
B/_01873.jpg,453,173,26,24,259,152,48,28,126,208,32,22
B/_01874.jpg,122,207,28,18,259,154,44,22,448,177,22,20
B/_01875.jpg,448,173,26,26,256,156,44,24,113,205,30,26
B/_01876.jpg,108,208,30,24,251,155,50,28
B/_01877.jpg,101,203,30,36,250,156,44,32
B/_01878.jpg,99,205,32,32,251,154,54,32
B/_01879.jpg,89,208,46,32,247,154,54,24
B/_01880.jpg,244,153,52,32,81,205,30,30
B/_01881.jpg,80,204,32,30,243,154,50,18
B/_01882.jpg,241,154,46,30
B/_01883.jpg,239,154,34,16
B/_01884.jpg,238,152,60,30
B/_01885.jpg,235,155,52,18
B/_01886.jpg,234,155,46,26
B/_01887.jpg,233,154,44,22
B/_01888.jpg,232,154,56,34
B/_01889.jpg,227,156,42,28
B/_01890.jpg,225,156,46,30
B/_01891.jpg,223,157,48,28
B/_01892.jpg,223,159,32,24
B/_01893.jpg,224,156,40,24
B/_01894.jpg,221,158,42,20
B/_01895.jpg,218,157,42,28
B/_01896.jpg,209,158,50,24
B/_01897.jpg,209,158,38,40
B/_01898.jpg,201,152,58,30
B/_01899.jpg,203,157,48,24
B/_01900.jpg,202,159,58,22
B/_01901.jpg,187,157,40,26
B/_01902.jpg,187,158,44,24
B/_01903.jpg,181,153,46,26
B/_01904.jpg,186,156,50,28
B/_01905.jpg,181,154,40,18
B/_01906.jpg,181,154,54,30
B/_01907.jpg,184,152,50,28
B/_01908.jpg,188,155,36,20
B/_01909.jpg,188,157,38,28
B/_01910.jpg,184,157,54,32
B/_01911.jpg,189,157,32,24
B/_01912.jpg,186,154,54,26
B/_01913.jpg,186,153,52,26
B/_01914.jpg,193,153,38,26
B/_01915.jpg,194,151,54,38
B/_01916.jpg,196,151,44,34
B/_01917.jpg,196,156,42,30
B/_01918.jpg,206,161,32,20,137,140,50,34,415,127,28,22
B/_01919.jpg,416,128,30,38,209,160,42,22,140,139,36,26
B/_01920.jpg,143,144,50,18,424,129,30,18,214,159,38,18
B/_01921.jpg,144,139,44,18,213,159,34,12,424,130,26,20
B/_01922.jpg,217,159,44,16,430,129,22,26,151,147,44,26
B/_01923.jpg,155,147,84,40
B/_01924.jpg,441,131,22,30,226,163,42,28,165,148,42,30
B/_01925.jpg,164,150,46,24,236,164,42,28,447,135,24,20
B/_01926.jpg,450,134,18,22,241,169,38,22,176,154,36,22
B/_01927.jpg,175,154,38,22,242,165,46,30,450,135,26,12
B/_01928.jpg,454,137,20,18,248,172,42,30,184,159,32,24
B/_01929.jpg,186,165,44,26,254,177,28,18,451,137,22,18
B/_01930.jpg,454,139,20,22,259,177,46,20,192,169,40,28
B/_01931.jpg,449,136,30,26,267,178,42,22,201,172,38,30
B/_01932.jpg,205,176,26,22,269,180,36,26,451,135,22,16
B/_01933.jpg,452,134,22,24,270,181,44,26,202,178,36,26
B/_01934.jpg,210,180,26,22,277,185,46,32,450,138,16,10
B/_01935.jpg,451,134,12,16,281,179,50,22,215,180,32,22
B/_01936.jpg,218,182,36,16,448,134,24,16,281,177,44,22
B/_01937.jpg,290,180,38,24,226,181,28,22,449,133,22,10
B/_01938.jpg,295,180,44,26,232,176,22,22,451,131,20,16
B/_01939.jpg,450,125,24,22,295,176,66,42,231,180,42,18
B/_01940.jpg,236,176,36,30,301,180,36,32,448,130,16,20
B/_01941.jpg,447,128,16,12,305,182,44,28,240,173,22,24
B/_01942.jpg,243,172,20,14,305,181,36,18,443,127,24,14
B/_01943.jpg,443,124,16,22,306,179,40,32,240,170,24,16
B/_01944.jpg,239,169,28,26,301,177,38,24,433,122,26,16
B/_01945.jpg,436,122,22,18,301,177,34,24,235,170,34,22
B/_01946.jpg,238,171,30,16,298,175,46,28,433,119,26,22
B/_01947.jpg,428,115,24,24,299,175,38,28,231,171,28,14
B/_01948.jpg,230,170,26,10,289,172,54,20,423,116,26,24
B/_01949.jpg,414,112,16,14,288,165,56,34,226,168,30,26
B/_01950.jpg,227,170,34,14,290,173,44,22,410,112,28,16
B/_01951.jpg,411,117,30,14,285,173,44,30,220,167,30,30
B/_01952.jpg,407,111,24,22,284,177,32,14,223,167,34,22
B/_01953.jpg,220,167,42,24,284,172,40,28
B/_01954.jpg,285,175,44,28,217,166,26,24
B/_01955.jpg,221,167,34,20,281,178,46,26
B/_01956.jpg,282,176,30,26,221,164,22,16
B/_01957.jpg,279,173,28,24
B/_01958.jpg,275,176,48,34
B/_01959.jpg,279,173,40,26
B/_01960.jpg,281,176,26,22
B/_01961.jpg,278,176,30,18,385,102,12,18
B/_01962.jpg,278,176,40,24,379,99,20,20
B/_01963.jpg,279,176,32,20,378,100,26,26
B/_01964.jpg,278,175,42,28,377,98,24,26
B/_01965.jpg,274,175,46,30,374,100,18,22
B/_01966.jpg,278,173,40,36,372,100,20,18
B/_01967.jpg,369,99,16,14,276,171,50,38
B/_01968.jpg,369,97,18,22,274,174,42,32
B/_01969.jpg,273,173,38,26,368,97,14,14
B/_01970.jpg,368,102,22,22,273,173,32,28
B/_01971.jpg,272,174,34,28,364,100,22,18
B/_01972.jpg,273,173,34,24,360,97,16,26
B/_01973.jpg,269,174,40,24,363,101,18,24
B/_01974.jpg,265,170,46,30,360,100,18,26
B/_01975.jpg,267,170,40,32,358,99,24,14
B/_01976.jpg,262,171,42,24,359,101,22,18
B/_01977.jpg,263,172,36,30,360,102,16,18
B/_01978.jpg,263,165,44,30,361,99,22,14
B/_01979.jpg,254,166,46,22,363,101,20,20,407,115,0,0
B/_01980.jpg,363,103,18,22,257,165,42,22
B/_01981.jpg,257,164,42,26
B/_01982.jpg,255,169,46,20
B/_01983.jpg,254,163,48,26
B/_01984.jpg,254,167,46,18
B/_01985.jpg,253,165,50,24
B/_01986.jpg,251,166,36,14
B/_01987.jpg,248,164,52,30
B/_01988.jpg,254,165,50,28
B/_01989.jpg,252,169,44,20
B/_01990.jpg,250,165,50,26
B/_01991.jpg,246,164,44,24
B/_01992.jpg,249,162,56,42
B/_01993.jpg,252,166,46,22
B/_01994.jpg,246,167,42,28
B/_01995.jpg,245,166,48,28
B/_01996.jpg,249,164,46,22
B/_01997.jpg,372,104,16,14,256,165,36,34
B/_01998.jpg,261,167,44,14,370,104,14,4
B/_01999.jpg,256,167,42,24,369,107,18,12,399,101,14,18
B/_00500.jpg
B/_00501.jpg
B/_00502.jpg
B/_00503.jpg
B/_00504.jpg
B/_00505.jpg
B/_00506.jpg
B/_00507.jpg
B/_00508.jpg
B/_00509.jpg
B/_00510.jpg
B/_00511.jpg
B/_00512.jpg
B/_00513.jpg
B/_00514.jpg
B/_00515.jpg
B/_00516.jpg
B/_00517.jpg
B/_00518.jpg
B/_00519.jpg
B/_00520.jpg
B/_00521.jpg
B/_00522.jpg
B/_00523.jpg
B/_00524.jpg
B/_00525.jpg
B/_00526.jpg
B/_00527.jpg
B/_00528.jpg
B/_00529.jpg
B/_00530.jpg
B/_00531.jpg
B/_00532.jpg
B/_00533.jpg
B/_00534.jpg
B/_00535.jpg
B/_00536.jpg
B/_00537.jpg
B/_00538.jpg
B/_00539.jpg
B/_00540.jpg
B/_00541.jpg
B/_00542.jpg
B/_00543.jpg
B/_00544.jpg
B/_00545.jpg
B/_00546.jpg
B/_00547.jpg
B/_00548.jpg
B/_00549.jpg
B/_00550.jpg
B/_00551.jpg
B/_00552.jpg
B/_00553.jpg
B/_00554.jpg
B/_00555.jpg
B/_00556.jpg
B/_00557.jpg
B/_00558.jpg
B/_00559.jpg
B/_00560.jpg
B/_00561.jpg
B/_00562.jpg
B/_00563.jpg
B/_00564.jpg
B/_00565.jpg
B/_00566.jpg
B/_00567.jpg
B/_00568.jpg
B/_00569.jpg
B/_00570.jpg
B/_00571.jpg
B/_00572.jpg
B/_00573.jpg
B/_00574.jpg
B/_00575.jpg
B/_00576.jpg
B/_00577.jpg
B/_00578.jpg
B/_00579.jpg
B/_00580.jpg
B/_00581.jpg
B/_00582.jpg
B/_00583.jpg
B/_00584.jpg
B/_00585.jpg
B/_00586.jpg
B/_00587.jpg
B/_00588.jpg
B/_00589.jpg
B/_00590.jpg
B/_00591.jpg
B/_00592.jpg
B/_00593.jpg
B/_00594.jpg
B/_00595.jpg,434,201,18,16
B/_00596.jpg,436,197,16,22
B/_00597.jpg,434,198,20,18
B/_00598.jpg,435,200,14,20
B/_00599.jpg,436,201,18,18
B/_00600.jpg,509,239,0,4,433,200,18,20
B/_00601.jpg,434,197,40,26
B/_00602.jpg,432,196,38,24
B/_00603.jpg,433,197,36,28
B/_00604.jpg,434,196,38,20
B/_00605.jpg,431,195,42,30
B/_00606.jpg,433,199,38,24
B/_00607.jpg,433,197,44,26
B/_00608.jpg,433,197,36,26
B/_00609.jpg,433,197,40,22
B/_00610.jpg,432,196,42,34
B/_00611.jpg,431,197,38,24
B/_00612.jpg,432,197,42,24
B/_00613.jpg,433,196,40,24
B/_00614.jpg,432,197,36,26
B/_00615.jpg,433,199,46,20
B/_00616.jpg,432,197,36,28
B/_00617.jpg,433,197,44,20
B/_00618.jpg,430,196,44,28
B/_00619.jpg,433,197,36,28
B/_00620.jpg,435,198,46,22
B/_00621.jpg,432,198,38,26
B/_00622.jpg,433,196,32,26
B/_00623.jpg,434,197,42,28
B/_00624.jpg,432,196,42,24
B/_00625.jpg,432,197,44,24
B/_00626.jpg,431,194,42,26
B/_00627.jpg,433,198,38,28
B/_00628.jpg,435,198,40,28
B/_00629.jpg,430,197,38,28
B/_00630.jpg,435,197,42,16
B/_00631.jpg,433,198,44,20
B/_00632.jpg,432,195,40,26
B/_00633.jpg,432,193,46,36
B/_00634.jpg,435,197,38,18
B/_00635.jpg,435,198,38,28
B/_00636.jpg,433,198,42,26
B/_00637.jpg,434,195,32,30
B/_00638.jpg,434,198,44,18
B/_00639.jpg,434,198,36,30
B/_00640.jpg,436,197,46,22
B/_00641.jpg,434,197,38,16
B/_00642.jpg,436,195,38,24
B/_00643.jpg,436,197,40,26
B/_00644.jpg,329,200,34,12,433,197,40,26
B/_00645.jpg,324,199,30,14
B/_00646.jpg,433,197,42,20
B/_00647.jpg,435,197,32,32
B/_00648.jpg,435,199,42,20
B/_00649.jpg,435,200,34,20
B/_00650.jpg,432,197,40,22
B/_00651.jpg,434,199,40,24
B/_00652.jpg,382,201,30,26,437,198,40,18
B/_00653.jpg,436,200,36,26,382,198,28,24
B/_00654.jpg,382,200,30,26,438,199,36,28
B/_00655.jpg,436,200,32,24,382,199,26,24
B/_00656.jpg,385,200,36,24,435,203,42,18
B/_00657.jpg,383,198,30,24,436,198,32,26
B/_00658.jpg,439,199,30,22,383,202,30,20
B/_00659.jpg,382,199,34,22,437,199,36,22
B/_00660.jpg,438,203,34,22,382,201,34,28
B/_00661.jpg,436,201,40,20,384,198,30,24
B/_00662.jpg
B/_00663.jpg
B/_00664.jpg
B/_00665.jpg
B/_00666.jpg
B/_00667.jpg
B/_00668.jpg
B/_00669.jpg
B/_00670.jpg
B/_00671.jpg
B/_00672.jpg
B/_00673.jpg
B/_00674.jpg
B/_00675.jpg
B/_00676.jpg
B/_00677.jpg
B/_00678.jpg
B/_00679.jpg
B/_00680.jpg
B/_00681.jpg
B/_00682.jpg
B/_00683.jpg
B/_00684.jpg
B/_00685.jpg
B/_00686.jpg
B/_00687.jpg
B/_00688.jpg
B/_00689.jpg
B/_00690.jpg
B/_00691.jpg
B/_00692.jpg
B/_00693.jpg
B/_00694.jpg
B/_00695.jpg
B/_00696.jpg
B/_00697.jpg
B/_00698.jpg
B/_00699.jpg
B/_00700.jpg
B/_00701.jpg
B/_00702.jpg
B/_00701.jpg
B/_00702.jpg
B/_00701.jpg
B/_00702.jpg
B/_00703.jpg
B/_00704.jpg
B/_00705.jpg
B/_00706.jpg
B/_00707.jpg
B/_00708.jpg
B/_00709.jpg
B/_00710.jpg
B/_00711.jpg
B/_00712.jpg
B/_00713.jpg
B/_00714.jpg
B/_00715.jpg
B/_00716.jpg
B/_00717.jpg
B/_00718.jpg
B/_00719.jpg
B/_00720.jpg
B/_00721.jpg
B/_00722.jpg
B/_00723.jpg
B/_00724.jpg
B/_00725.jpg
B/_00726.jpg
B/_00727.jpg
B/_00728.jpg,261,175,26,20
B/_00729.jpg,259,174,28,18
B/_00730.jpg,259,173,28,18
B/_00731.jpg,258,172,26,14
B/_00732.jpg,257,171,30,14
B/_00733.jpg,255,171,32,20
B/_00734.jpg,253,170,32,32
B/_00735.jpg,253,172,26,14
B/_00736.jpg,252,173,26,12
B/_00737.jpg,252,172,26,18
B/_00738.jpg,249,172,28,16
B/_00739.jpg,249,174,34,18
B/_00740.jpg,248,173,32,22
B/_00741.jpg,244,174,34,14
B/_00742.jpg,246,172,30,16
B/_00743.jpg,244,174,34,16
B/_00744.jpg,246,176,28,20
B/_00745.jpg,246,177,32,14
B/_00746.jpg,244,174,34,20
B/_00747.jpg,245,177,32,16
B/_00748.jpg,245,176,40,20
B/_00749.jpg,246,178,32,18
B/_00750.jpg,245,176,40,22
B/_00751.jpg,248,176,30,18
B/_00752.jpg,247,177,36,18
B/_00753.jpg,252,178,30,16
B/_00754.jpg,251,177,32,18
B/_00755.jpg,251,178,36,18
B/_00756.jpg,257,177,34,20
B/_00757.jpg,256,177,38,16
B/_00758.jpg,261,176,38,18
B/_00759.jpg,259,177,36,16
B/_00760.jpg,260,177,40,16
B/_00761.jpg,260,178,38,16
B/_00762.jpg,261,175,36,26
B/_00763.jpg,262,176,34,22
B/_00764.jpg,263,177,36,18
B/_00765.jpg,263,176,40,18
B/_00766.jpg,265,175,36,22
B/_00767.jpg,263,176,32,20
B/_00768.jpg,263,175,44,22
B/_00769.jpg,265,176,34,22
B/_00770.jpg,267,173,36,20
B/_00771.jpg,264,172,32,22
B/_00772.jpg,263,172,40,16
B/_00773.jpg,266,170,34,20
B/_00774.jpg,265,172,30,20
B/_00775.jpg,265,168,34,18
B/_00776.jpg,266,167,34,20
B/_00777.jpg,264,169,32,18
B/_00778.jpg,264,168,36,20
B/_00779.jpg,263,168,30,14
B/_00780.jpg,261,164,34,22
B/_00781.jpg,258,165,36,20
B/_00782.jpg,255,165,36,20
B/_00783.jpg,246,167,38,22
B/_00784.jpg,251,167,34,22
B/_00785.jpg,243,167,34,20
B/_00786.jpg,241,166,38,24
B/_00787.jpg,234,167,40,20
B/_00788.jpg,230,167,32,22
B/_00789.jpg,224,169,40,18
B/_00790.jpg,222,165,38,22
B/_00791.jpg,218,166,36,24
B/_00792.jpg,211,168,40,22
B/_00793.jpg,201,167,44,24
B/_00794.jpg,197,170,48,22
B/_00795.jpg,189,170,40,22
B/_00796.jpg,189,171,40,20
B/_00797.jpg,183,169,42,22
B/_00798.jpg,174,171,38,24
B/_00799.jpg,166,173,40,24
B/_00800.jpg,159,173,36,24
B/_00801.jpg,154,175,34,18
B/_00802.jpg,153,176,38,20
B/_00803.jpg,147,174,38,26
B/_00804.jpg,137,175,36,14
B/_00805.jpg,131,173,40,22
B/_00806.jpg,129,174,38,24
B/_00807.jpg,126,175,34,20
B/_00808.jpg,125,176,40,24
B/_00809.jpg,123,177,38,20
B/_00810.jpg,125,175,36,26
B/_00811.jpg,129,176,36,24
B/_00812.jpg,133,178,36,22
B/_00813.jpg,142,178,32,28
B/_00814.jpg,143,177,38,22
B/_00815.jpg,151,180,42,20,87,175,34,22
B/_00816.jpg,94,179,38,26,157,177,38,24
B/_00817.jpg,169,181,34,26,103,176,42,36
B/_00818.jpg,109,182,40,28,173,181,32,26
B/_00819.jpg,182,181,38,20,119,181,36,24
B/_00820.jpg,118,184,36,24,182,180,38,24
B/_00821.jpg,189,181,30,24,126,186,38,24
B/_00822.jpg,130,189,44,24,197,185,34,20
B/_00823.jpg,201,187,34,24,139,189,38,20
B/_00824.jpg,147,192,36,26,209,189,34,24
B/_00825.jpg,218,187,32,24,153,194,44,26
B/_00826.jpg,156,196,46,26,218,191,28,24
B/_00827.jpg,225,192,24,28,163,196,44,20
B/_00828.jpg,172,200,38,26,235,195,20,28
B/_00829.jpg,184,203,46,26
B/_00830.jpg,193,210,46,22
B/_00831.jpg,201,209,42,28
B/_00832.jpg,212,215,50,18
B/_00833.jpg,213,213,38,22
B/_00834.jpg,222,219,54,24
B/_00835.jpg,236,223,42,26
B/_00836.jpg,249,224,42,22
B/_00837.jpg,255,224,50,24
B/_00838.jpg,270,231,58,18
B/_00839.jpg,270,226,40,32
B/_00840.jpg,277,233,50,20
B/_00841.jpg,295,234,40,26
B/_00842.jpg,300,236,50,24
B/_00843.jpg,310,241,48,20
B/_00844.jpg,321,240,44,24
B/_00845.jpg,324,238,52,26
B/_00846.jpg,328,241,44,16
B/_00847.jpg,342,245,32,20
B/_00848.jpg,351,243,36,18
B/_00849.jpg,290,245,36,28,356,239,32,24
B/_00850.jpg,301,247,46,22
B/_00851.jpg,365,240,30,34,299,245,46,28
B/_00852.jpg,310,247,44,28,370,239,38,26
B/_00853.jpg,320,249,44,22
B/_00854.jpg,324,247,46,24
B/_00855.jpg,328,246,52,26
B/_00856.jpg,334,246,44,22
B/_00857.jpg,334,243,58,22
B/_00858.jpg,336,241,46,24
B/_00859.jpg,340,240,48,22
B/_00860.jpg,344,240,50,20
B/_00861.jpg,342,239,56,22
B/_00862.jpg,346,238,54,18
B/_00863.jpg,350,233,48,36
B/_00864.jpg,350,235,48,22
B/_00865.jpg,353,234,46,24
B/_00866.jpg,355,236,44,24
B/_00867.jpg,355,237,44,20
B/_00868.jpg,356,237,40,22
B/_00869.jpg,355,236,40,18
B/_00870.jpg,270,225,18,14,352,236,44,22
B/_00871.jpg,350,240,50,20,263,220,20,20
B/_00872.jpg,259,219,26,16,352,238,40,20
B/_00873.jpg,352,235,42,22,253,221,28,16
B/_00874.jpg,251,217,26,22,353,236,46,28
B/_00875.jpg,355,238,38,22
B/_00876.jpg,245,216,22,16,353,236,40,26
B/_00877.jpg,239,214,26,18
B/_00878.jpg,235,211,26,22,353,235,42,26
B/_00879.jpg,355,235,38,26,230,211,16,20
B/_00880.jpg,222,208,22,22,350,233,46,24
B/_00881.jpg,222,208,26,26,355,236,38,28
B/_00882.jpg,352,235,48,26,217,205,16,16
B/_00883.jpg,212,207,18,16,352,235,42,28
B/_00884.jpg,346,235,50,26,207,203,22,24
B/_00885.jpg,199,204,28,22,347,235,42,20
B/_00886.jpg,340,238,48,22,192,204,10,16
B/_00887.jpg,192,204,26,18,342,237,54,26
B/_00888.jpg,338,238,38,20,189,202,20,16
B/_00889.jpg,337,237,36,20,182,205,24,10
B/_00890.jpg,178,205,20,22,333,238,44,30
B/_00891.jpg,328,238,50,28
B/_00892.jpg,322,239,42,18
B/_00893.jpg,326,239,48,28
B/_00894.jpg,321,238,40,28
B/_00895.jpg,325,240,48,26
B/_00896.jpg,316,242,48,26
B/_00897.jpg,315,243,44,26
B/_00898.jpg,314,243,42,30
B/_00899.jpg,312,242,44,32
B/_00900.jpg,314,241,46,36
B/_00901.jpg,313,241,46,22
B/_00902.jpg,314,241,40,22
B/_00903.jpg,314,241,44,24
B/_00904.jpg,318,238,32,28
B/_00905.jpg,318,239,44,22
B/_00906.jpg,324,237,36,28
B/_00907.jpg,326,240,38,20
B/_00908.jpg,332,239,36,28
B/_00909.jpg,337,239,38,18
B/_00910.jpg,342,238,42,30
B/_00911.jpg,342,239,40,28
B/_00912.jpg,346,242,42,26
B/_00913.jpg,354,241,44,24
B/_00914.jpg,353,239,40,26
B/_00915.jpg,357,243,38,20
B/_00916.jpg,359,242,44,24
B/_00917.jpg,359,241,40,22
B/_00918.jpg,364,240,38,24
B/_00919.jpg,364,240,38,26
B/_00920.jpg,367,239,38,22
B/_00921.jpg,369,239,40,22
B/_00922.jpg,375,239,36,24
B/_00923.jpg,374,238,40,28
B/_00924.jpg,375,240,38,24
B/_00925.jpg,376,239,38,24
B/_00926.jpg,378,242,34,24
B/_00927.jpg,374,244,40,24
B/_00928.jpg,376,242,36,30
B/_00929.jpg,373,245,46,32
B/_00930.jpg,372,243,40,28
B/_00931.jpg,370,247,42,22
B/_00932.jpg,366,250,38,20
B/_00933.jpg,369,251,40,26
B/_00934.jpg,363,250,50,34
B/_00935.jpg,365,254,50,22
B/_00936.jpg,363,250,48,36
B/_00937.jpg,360,253,44,20
B/_00938.jpg,354,254,46,26
B/_00939.jpg,354,249,42,30
B/_00940.jpg,359,254,48,22
B/_00941.jpg,358,254,46,26
B/_00942.jpg,358,254,40,24
B/_00943.jpg,356,253,40,26
B/_00944.jpg,355,254,50,30
B/_00945.jpg,355,249,42,36
B/_00946.jpg,357,254,48,24
B/_00947.jpg,355,249,52,36
B/_00948.jpg,353,251,46,32
B/_00949.jpg,355,252,48,32
B/_00950.jpg,351,250,48,32
B/_00951.jpg,349,250,54,28
B/_00952.jpg,347,248,58,32
B/_00953.jpg,347,251,52,26
B/_00954.jpg,347,249,46,32
B/_00955.jpg,343,249,44,32
B/_00956.jpg,338,251,56,30
B/_00957.jpg,339,252,50,16
B/_00958.jpg,339,252,46,28
B/_00959.jpg,335,250,46,32
B/_00960.jpg,338,252,46,30
B/_00961.jpg,334,252,40,26
B/_00962.jpg,336,248,44,34
B/_00963.jpg,339,249,46,28
B/_00964.jpg,339,249,50,32
B/_00965.jpg,341,243,48,36
B/_00966.jpg,344,246,42,30
B/_00967.jpg,344,245,42,26
B/_00968.jpg,349,240,46,32
B/_00969.jpg,353,238,46,28
B/_00970.jpg,360,239,40,22
B/_00971.jpg,358,233,38,28
B/_00972.jpg,359,234,36,30
B/_00973.jpg,367,235,32,28
B/_00974.jpg,367,233,32,26
B/_00975.jpg
B/_00976.jpg
B/_00977.jpg
B/_00978.jpg
B/_00979.jpg
B/_00980.jpg
B/_00981.jpg
B/_00982.jpg,382,216,30,22
B/_00983.jpg
B/_00984.jpg,379,212,36,24
B/_00985.jpg
B/_00986.jpg
B/_00987.jpg
B/_00988.jpg
B/_00989.jpg,442,205,36,18
B/_00990.jpg,441,204,42,28
B/_00991.jpg,441,201,38,24
B/_00992.jpg,442,199,38,30
B/_00993.jpg,444,198,44,32
B/_00994.jpg,445,198,38,28
B/_00995.jpg,446,198,42,28
B/_00996.jpg,446,196,42,28
B/_00997.jpg,445,193,38,24
B/_00998.jpg,445,192,50,24
B/_00999.jpg,446,194,48,30
A/_01500.jpg,270,305,36,34
A/_01501.jpg,270,307,36,30
A/_01502.jpg,267,305,28,26
A/_01503.jpg,267,307,36,26
A/_01504.jpg,266,310,30,28
A/_01505.jpg,261,307,34,28
A/_01506.jpg,257,305,32,30
A/_01507.jpg,254,307,36,26
A/_01508.jpg,256,305,34,26
A/_01509.jpg,254,305,32,28
A/_01510.jpg,254,307,32,26
A/_01511.jpg,251,307,34,28
A/_01512.jpg,252,307,34,24
A/_01513.jpg,249,306,30,26
A/_01514.jpg,251,306,32,30
A/_01515.jpg,250,305,36,30
A/_01516.jpg,250,306,32,30
A/_01517.jpg,246,310,30,26
A/_01518.jpg,250,308,42,26
A/_01519.jpg,248,308,30,36
A/_01520.jpg,247,307,32,28
A/_01521.jpg,247,305,28,34
A/_01522.jpg,246,309,38,28
A/_01523.jpg,247,308,38,26
A/_01524.jpg,247,308,32,30
A/_01525.jpg,247,307,28,28
A/_01526.jpg,281,205,36,30,249,308,40,26
A/_01527.jpg,247,308,32,28,276,205,42,28
A/_01528.jpg,274,206,34,28,248,306,32,30
A/_01529.jpg,270,205,38,34,247,307,30,24
A/_01530.jpg,263,206,32,32,247,306,32,32
A/_01531.jpg,259,209,36,26,245,308,28,24
A/_01532.jpg,257,210,34,28,244,306,30,32
A/_01533.jpg,243,305,30,26
A/_01534.jpg,242,303,30,36
A/_01535.jpg,245,303,32,30
A/_01536.jpg,245,306,36,28
A/_01537.jpg,243,304,32,32
A/_01538.jpg,242,308,34,30
A/_01539.jpg,283,218,48,26,242,304,30,24
A/_01540.jpg,243,302,34,24,286,216,42,26
A/_01541.jpg,243,303,30,30,281,217,38,26
A/_01542.jpg,244,306,30,28,278,220,38,30
A/_01543.jpg,269,220,40,30,243,306,30,26
A/_01544.jpg,243,308,32,24,273,220,40,26
A/_01545.jpg,260,227,36,30,242,307,26,28
A/_01546.jpg,245,306,26,22,261,224,40,28
A/_01547.jpg,255,222,44,30
A/_01548.jpg,249,224,46,26
A/_01549.jpg
A/_01550.jpg
A/_01551.jpg
A/_01552.jpg
A/_01553.jpg
A/_01554.jpg
A/_01555.jpg
A/_01556.jpg
A/_01557.jpg
A/_01558.jpg
A/_01559.jpg,245,212,28,28
A/_01560.jpg,243,212,40,28
A/_01561.jpg,239,214,40,24
A/_01562.jpg,241,214,38,26
A/_01563.jpg,237,216,44,28,177,211,30,30
A/_01564.jpg,176,214,36,36,237,212,38,30
A/_01565.jpg,237,217,40,26,177,212,32,34
A/_01566.jpg,174,212,28,32
A/_01567.jpg
A/_01568.jpg
A/_01569.jpg
A/_01570.jpg
A/_01571.jpg
A/_01572.jpg
A/_01573.jpg
A/_01574.jpg
A/_01575.jpg
A/_01576.jpg
A/_01577.jpg
A/_01578.jpg
A/_01579.jpg
A/_01580.jpg
A/_01581.jpg
A/_01582.jpg
A/_01583.jpg
A/_01584.jpg,231,208,36,28
A/_01585.jpg,239,211,44,30
A/_01586.jpg,243,210,40,26
A/_01587.jpg,245,209,38,30
A/_01588.jpg,245,206,40,30
A/_01589.jpg,253,209,40,32
A/_01590.jpg,257,207,42,24
A/_01591.jpg
A/_01592.jpg
A/_01593.jpg
A/_01594.jpg
A/_01595.jpg
A/_01596.jpg
A/_01597.jpg
A/_01598.jpg
A/_01599.jpgA/_01600.jpg
A/_01601.jpg
A/_01602.jpg
A/_01603.jpg
A/_01604.jpg
A/_01605.jpg
A/_01606.jpg
A/_01607.jpg
A/_01608.jpg
A/_01609.jpg
A/_01610.jpg,255,207,48,28
A/_01611.jpg,249,206,46,28
A/_01612.jpg,247,207,44,26
A/_01613.jpg,243,205,44,30
A/_01614.jpg,238,205,46,30
A/_01615.jpg,233,206,48,32
A/_01616.jpg,230,206,42,32
A/_01617.jpg,223,202,48,34
A/_01618.jpg,223,204,46,30
A/_01619.jpg,218,203,46,30
A/_01620.jpg,216,203,46,30
A/_01621.jpg,213,202,42,34
A/_01622.jpg,214,202,48,32
A/_01623.jpg,209,200,44,36
A/_01624.jpg,209,204,48,36
A/_01625.jpg,206,200,44,34
A/_01626.jpg,205,202,44,32
A/_01627.jpg,204,198,40,36
A/_01628.jpg,205,199,40,30
A/_01629.jpg,202,200,42,28
A/_01630.jpg,205,200,44,24
A/_01631.jpg,202,196,40,34
A/_01632.jpg,201,201,42,30
A/_01633.jpg,201,200,40,28
A/_01634.jpg,201,200,42,32
A/_01635.jpg,201,196,40,28
A/_01636.jpg,197,204,48,34
A/_01637.jpg,196,204,44,36
A/_01638.jpg,202,205,44,38
A/_01639.jpg,202,206,50,32
A/_01640.jpg,200,205,42,32
A/_01641.jpg,199,202,40,24
A/_01642.jpg,200,201,42,28
A/_01643.jpg,202,202,46,32
A/_01644.jpg,199,202,46,26
A/_01645.jpg,201,205,48,30
A/_01646.jpg,203,200,44,28
A/_01647.jpg,206,202,48,30
A/_01648.jpg,207,203,52,34
A/_01649.jpg,207,200,52,34
A/_01650.jpg,200,203,46,34
A/_01651.jpg,210,200,58,28
A/_01652.jpg,208,202,50,32
A/_01653.jpg,204,196,50,36
A/_01654.jpg,208,199,38,26
A/_01655.jpg,205,196,46,32
A/_01656.jpg,209,197,48,24
A/_01657.jpg,207,196,46,28
A/_01658.jpg,210,197,48,24
A/_01659.jpg,209,198,40,28
A/_01660.jpg,214,198,50,30
A/_01661.jpg,212,198,46,28
A/_01662.jpg,215,196,44,28
A/_01663.jpg,220,198,46,26
A/_01664.jpg,223,195,48,26
A/_01665.jpg,230,202,44,28
A/_01666.jpg,232,197,46,28
A/_01667.jpg,236,198,42,28
A/_01668.jpg,240,196,50,30
A/_01669.jpg,181,194,30,22,241,192,44,32
A/_01670.jpg,243,194,40,32,181,193,32,22
A/_01671.jpg,243,194,34,24,185,191,36,30
A/_01672.jpg,183,194,36,32,243,193,34,24
A/_01673.jpg,184,192,38,28,245,190,36,28
A/_01674.jpg,187,194,36,28,245,192,28,20
A/_01675.jpg,187,192,40,28
A/_01676.jpg,187,193,46,28
A/_01677.jpg,189,193,44,26
A/_01678.jpg,188,192,36,28
A/_01679.jpg,188,192,34,24
A/_01680.jpg,187,193,40,22
A/_01681.jpg,185,190,36,30
A/_01682.jpg,182,188,46,24
A/_01683.jpg,177,188,44,20
A/_01684.jpg,180,190,44,24
A/_01685.jpg,176,186,44,26
A/_01686.jpg,173,186,42,28
A/_01687.jpg,171,186,40,26
A/_01688.jpg,170,186,38,24
A/_01689.jpg,170,186,42,24
A/_01690.jpg,169,186,46,20
A/_01691.jpg,172,184,40,28
A/_01692.jpg,173,185,40,26
A/_01693.jpg,174,182,44,24
A/_01694.jpg,174,182,36,24
A/_01695.jpg,178,179,40,24
A/_01696.jpg,177,181,36,22
A/_01697.jpg,181,176,40,26
A/_01698.jpg
A/_01699.jpg
A/_01700.jpg
A/_01700.jpg
A/_01700.jpg
A/_01701.jpg
A/_01702.jpg
A/_01703.jpg
A/_01704.jpg
A/_01705.jpg
A/_01706.jpg
A/_01707.jpg
A/_01708.jpg
A/_01709.jpg
A/_01710.jpg
A/_01711.jpg
A/_01712.jpg
A/_01713.jpg
A/_01714.jpg
A/_01715.jpg
A/_01716.jpg
A/_01717.jpg
A/_01718.jpg
A/_01719.jpg
A/_01720.jpg
A/_01721.jpg,305,140,36,26
A/_01722.jpg,313,136,40,24
A/_01723.jpg
A/_01724.jpg
A/_01725.jpg
A/_01726.jpg
A/_01727.jpg
A/_01728.jpg
A/_01729.jpg
A/_01730.jpg
A/_01731.jpg
A/_01732.jpg
A/_01733.jpg
A/_01734.jpg
A/_01735.jpg
A/_01736.jpg
A/_01737.jpg
A/_01738.jpg
A/_01739.jpg
A/_01740.jpg
A/_01741.jpg
A/_01742.jpg
A/_01743.jpg
A/_01744.jpg
A/_01745.jpg
A/_01746.jpg
A/_01747.jpg
A/_01748.jpg
A/_01749.jpg
A/_01750.jpg
A/_01751.jpg
A/_01752.jpg
A/_01753.jpg
A/_01754.jpg
A/_01755.jpg
A/_01756.jpg
A/_01757.jpg
A/_01758.jpg
A/_01759.jpg
A/_01760.jpg
A/_01761.jpg
A/_01762.jpg
A/_01763.jpg
A/_01764.jpg
A/_01765.jpg
A/_01766.jpg
A/_01767.jpg
A/_01768.jpg
A/_01769.jpg
A/_01770.jpg
A/_01771.jpg
A/_01772.jpg
A/_01773.jpg
A/_01774.jpg
A/_01775.jpg
A/_01776.jpg
A/_01777.jpg
A/_01778.jpg
A/_01779.jpg
A/_01780.jpg
A/_01781.jpg
A/_01782.jpg
A/_01783.jpg
A/_01784.jpg
A/_01785.jpg
A/_01786.jpg
A/_01787.jpg
A/_01788.jpg
A/_01789.jpg
A/_01790.jpg
A/_01791.jpg
A/_01792.jpg
A/_01793.jpg
A/_01794.jpg
A/_01795.jpg
A/_01796.jpg
A/_01797.jpg
A/_01798.jpg
A/_01799.jpg
A/_01800.jpg
A/_01801.jpg
A/_01802.jpg
A/_01803.jpg
A/_01804.jpg
A/_01805.jpg
A/_01806.jpg
A/_01807.jpg
A/_01808.jpg
A/_01809.jpg
A/_01810.jpg
A/_01811.jpg
A/_01812.jpg
A/_01813.jpg
A/_01814.jpg
A/_01815.jpg
A/_01816.jpg
A/_01817.jpg
A/_01818.jpg
A/_01819.jpg,386,260,44,40
A/_01820.jpg,389,256,42,56,456,246,34,34
A/_01821.jpg,394,252,38,44,463,241,36,42
A/_01822.jpg,393,250,44,50,461,243,34,38
A/_01823.jpg,399,251,40,42,465,238,30,46
A/_01824.jpg,403,251,40,40,469,234,36,50
A/_01825.jpg,405,249,40,40,473,239,30,44
A/_01826.jpg,408,247,42,40,473,235,32,50
A/_01827.jpg,408,250,40,44,474,239,32,52
A/_01828.jpg,407,251,36,34,475,237,36,46
A/_01829.jpg,405,249,42,44,473,237,28,44
A/_01830.jpg,404,250,42,40,473,237,38,44
A/_01831.jpg,403,247,40,46,471,236,38,46
A/_01832.jpg,399,246,34,40,469,236,38,46
A/_01833.jpg,392,244,32,36,463,238,40,44
A/_01834.jpg,464,237,36,52,393,246,26,40
A/_01835.jpg,457,242,40,50
A/_01836.jpg,448,244,44,52
A/_01837.jpg,439,244,44,48
A/_01838.jpg,430,248,42,52
A/_01839.jpg,419,245,50,54
A/_01840.jpg,419,243,48,46
A/_01841.jpg,407,244,52,52
A/_01842.jpg,395,240,50,50
A/_01843.jpg,385,241,46,54
A/_01844.jpg,375,245,52,56
A/_01845.jpg,361,242,46,56
A/_01846.jpg,362,242,42,56
A/_01847.jpg,351,238,44,50
A/_01848.jpg,339,242,44,46
A/_01849.jpg,337,239,52,42
A/_01850.jpg
A/_01851.jpg
A/_01852.jpg
A/_01853.jpg
A/_01854.jpg
A/_01855.jpg
A/_01856.jpg
A/_01857.jpg
A/_01858.jpg
A/_01859.jpg
A/_01860.jpg
A/_01861.jpg,267,260,46,40
A/_01862.jpg,264,258,38,40
A/_01863.jpg,265,260,44,40
A/_01864.jpg,266,258,38,36
A/_01865.jpg,273,260,42,40
A/_01866.jpg,277,262,40,30
A/_01867.jpg
A/_01868.jpg
A/_01869.jpg
A/_01870.jpg,298,264,40,30
A/_01871.jpg,302,264,40,40
A/_01872.jpg,305,264,38,50
A/_01873.jpg,305,265,38,46
A/_01874.jpg,303,262,44,56
A/_01875.jpg,303,263,42,50
A/_01876.jpg,307,265,44,50
A/_01877.jpg,301,270,44,48
A/_01878.jpg,301,274,36,48
A/_01879.jpg,297,275,44,46
A/_01880.jpg,299,278,46,50
A/_01881.jpg,302,278,38,48
A/_01882.jpg,303,280,46,54
A/_01883.jpg,303,284,44,48
A/_01884.jpg,311,291,44,52
A/_01885.jpg,311,292,40,50
A/_01886.jpg,314,297,42,62
A/_01887.jpg,317,302,44,52
A/_01888.jpg,319,302,46,56
A/_01889.jpg,319,308,48,60
A/_01890.jpg,318,314,46,56
A/_01891.jpg,315,316,44,66
A/_01892.jpg,313,313,42,48
A/_01893.jpg,312,314,44,44
A/_01894.jpg,309,310,52,56
A/_01895.jpg,311,313,52,52
A/_01896.jpg,307,311,48,62
A/_01897.jpg,310,312,48,48
A/_01898.jpg,313,307,46,62
A/_01899.jpg,321,302,56,66
A/_01900.jpg,319,302,46,52
A/_01901.jpg,329,299,54,50
A/_01902.jpg,336,293,50,54
A/_01903.jpg,347,289,48,50
A/_01904.jpg,278,286,30,36,353,282,40,64
A/_01905.jpg,361,280,52,64
A/_01906.jpg,357,274,48,60
A/_01907.jpg,359,272,48,60
A/_01908.jpg,353,267,56,54
A/_01909.jpg
A/_01910.jpg
A/_01911.jpg
A/_01912.jpg
A/_01913.jpg
A/_01914.jpg
A/_01915.jpg
A/_01916.jpg
A/_01917.jpg,176,218,42,32
A/_01918.jpg,177,219,36,24
A/_01919.jpg,178,220,36,24
A/_01920.jpg,177,214,36,28
A/_01921.jpg,175,216,40,22
A/_01922.jpg,175,212,40,22
A/_01923.jpg,174,212,42,20
A/_01924.jpg,175,210,40,26
A/_01925.jpg,176,210,34,20
A/_01926.jpg,176,210,38,20
A/_01927.jpg,176,210,38,18
A/_01928.jpg,178,208,36,20
A/_01929.jpg,177,206,44,24
A/_01930.jpg,177,205,38,26
A/_01931.jpg,177,205,40,22
A/_01932.jpg,177,205,44,18
A/_01933.jpg,178,204,38,20
A/_01934.jpg,176,200,44,32
A/_01935.jpg,177,201,40,24
A/_01936.jpg,176,198,42,26
A/_01937.jpg,175,200,34,24
A/_01938.jpg,179,198,40,28
A/_01939.jpg,181,200,44,26
A/_01940.jpg,179,196,44,24
A/_01941.jpg
A/_01942.jpg
A/_01943.jpg
A/_01944.jpg
A/_01945.jpg
A/_01946.jpg
A/_01947.jpg
A/_01948.jpg
A/_01949.jpg
A/_01950.jpg
A/_01951.jpg
A/_01952.jpg
A/_01953.jpg
A/_01954.jpg
A/_01955.jpg
A/_01956.jpg
A/_01957.jpg
A/_01958.jpg
A/_01959.jpg
A/_01960.jpg
A/_01961.jpg
A/_01962.jpg
A/_01963.jpg
A/_01964.jpg,180,188,38,26
A/_01965.jpg,181,188,36,26
A/_01966.jpg,182,188,42,24
A/_01967.jpg,181,188,40,28
A/_01968.jpg,183,191,42,22
A/_01969.jpg,182,190,44,24
A/_01970.jpg,183,190,36,24
A/_01971.jpg,183,190,40,24
A/_01972.jpg,183,189,38,26
A/_01973.jpg,182,188,36,22
A/_01974.jpg,183,190,44,26
A/_01975.jpg,184,188,44,24
A/_01976.jpg,181,187,34,26
A/_01977.jpg,183,186,42,34
A/_01978.jpg,183,187,40,22
A/_01979.jpg,183,187,36,26
A/_01980.jpg,183,188,34,26
A/_01981.jpg,183,184,44,28
A/_01982.jpg,181,184,40,22
A/_01983.jpg,186,186,40,24
A/_01984.jpg
A/_01985.jpg
A/_01986.jpg
A/_01987.jpg
A/_01988.jpg
A/_01989.jpg
A/_01990.jpg
A/_01991.jpg
A/_01992.jpg
A/_01993.jpg
A/_01994.jpg
A/_01995.jpg
A/_01996.jpg
A/_01997.jpg
A/_01998.jpg
A/_01999.jpg
B/_00000.jpg
B/_00001.jpg
B/_00002.jpg
B/_00003.jpg
B/_00004.jpg
B/_00005.jpg,299,228,42,44
B/_00006.jpg,445,179,46,36,298,237,94,108
B/_00007.jpg
B/_00008.jpg
B/_00009.jpg
B/_00000.jpg,330,312,28,22,450,178,20,16
B/_00001.jpg,333,312,26,20,448,180,22,16
B/_00002.jpg,335,311,28,20,447,178,20,16
B/_00003.jpg,336,312,26,24,447,179,18,16
B/_00004.jpg,337,311,26,22,448,179,20,18
B/_00005.jpg,339,314,20,18
B/_00006.jpg,447,178,20,14
B/_00007.jpg,339,313,28,22,448,179,20,18
B/_00008.jpg,342,313,24,18,448,180,20,14
B/_00009.jpg,344,314,28,20
B/_00010.jpg,447,179,18,18
B/_00011.jpg,346,314,26,20
B/_00012.jpg,448,178,18,14
B/_00013.jpg,347,315,24,20
B/_00014.jpg,446,178,18,14
B/_00015.jpg,348,313,30,20,446,177,20,18
B/_00016.jpg,349,315,26,20,446,176,18,20
B/_00017.jpg,350,316,28,22,445,178,18,16
B/_00018.jpg,349,315,28,22,445,178,20,14
B/_00019.jpg,351,315,26,20,443,176,20,14
B/_00020.jpg,352,314,26,22,440,176,18,14
B/_00021.jpg,438,176,22,16,354,315,30,20
B/_00022.jpg,351,315,28,22,435,175,20,18
B/_00023.jpg,352,316,26,20,433,173,20,14
B/_00024.jpg,353,317,32,16,433,175,22,14
B/_00025.jpg,352,315,28,20,429,173,20,16
B/_00026.jpg,350,316,34,20,427,173,18,16
B/_00027.jpg,352,315,30,22,423,171,24,22
B/_00028.jpg,353,317,34,20,420,172,20,14
B/_00029.jpg,351,315,30,24,417,172,26,18
B/_00030.jpg,351,315,26,18,417,172,20,12
B/_00031.jpg,348,316,26,18,415,170,22,16
B/_00032.jpg,351,315,26,20,414,168,18,18
B/_00033.jpg,350,316,28,20,411,169,22,14
B/_00034.jpg,348,314,32,26,410,167,18,18
B/_00035.jpg,348,317,36,18,406,168,20,14
B/_00036.jpg,346,317,32,16,406,165,18,18
B/_00037.jpg,347,317,28,22,403,166,22,16
B/_00038.jpg,344,316,30,18,401,167,20,18
B/_00039.jpg,347,317,34,24,396,166,20,16
B/_00040.jpg,347,315,30,24,395,164,20,18
B/_00041.jpg,348,316,28,22,396,164,18,16
B/_00042.jpg,346,316,30,20,393,164,24,14
B/_00043.jpg,349,316,30,20,393,163,20,14
B/_00044.jpg,348,319,26,20,390,164,18,14
B/_00045.jpg,349,317,22,20,389,163,18,16
B/_00046.jpg,387,161,18,14
B/_00047.jpg,387,162,20,14
B/_00048.jpg,387,159,20,16
B/_00049.jpg,384,161,18,14
B/_00050.jpg,383,162,16,16
B/_00051.jpg,382,160,18,16
B/_00052.jpg,382,160,22,14
B/_00053.jpg,379,161,24,14
B/_00054.jpg,380,162,20,18
B/_00055.jpg,378,161,18,18
B/_00056.jpg,373,160,22,16
B/_00057.jpg,373,162,22,16
B/_00058.jpg,372,160,24,18
B/_00059.jpg,367,161,20,18
B/_00060.jpg,367,160,16,18
B/_00061.jpg,367,162,18,16
B/_00062.jpg,363,159,20,14
B/_00063.jpg,360,160,22,12
B/_00064.jpg,357,161,24,16
B/_00065.jpg,353,326,34,22,357,160,12,18
B/_00066.jpg,356,159,12,16,358,327,24,12
B/_00067.jpg,353,159,18,20,355,329,30,18
B/_00068.jpg,354,158,18,12,351,326,30,18
B/_00069.jpg,351,156,16,18,348,330,36,22
B/_00070.jpg,348,156,16,16,345,328,28,14
B/_00071.jpg,346,154,20,12
B/_00072.jpg,344,328,28,22
B/_00073.jpg,348,155,18,16,341,325,36,16
B/_00074.jpg,336,325,32,22,342,157,12,14
B/_00075.jpg,340,155,12,14,331,323,20,22
B/_00076.jpg,338,150,20,18,331,326,28,20
B/_00077.jpg,334,149,20,18,327,322,32,22
B/_00078.jpg,335,153,14,20,333,323,20,24
B/_00079.jpg,330,147,12,18,328,319,32,24
B/_00080.jpg,328,144,12,22,325,317,36,26
B/_00081.jpg,88,280,38,18
B/_00082.jpg,88,284,24,18
B/_00083.jpg,89,284,26,20
B/_00084.jpg,89,281,24,22
B/_00085.jpg,89,282,22,22
B/_00086.jpg,94,285,22,16
B/_00087.jpg,88,285,26,16
B/_00088.jpg,91,283,28,20
B/_00089.jpg,92,284,22,22
B/_00090.jpg,93,286,24,18
B/_00091.jpg,90,284,28,22
B/_00092.jpg,92,288,24,20
B/_00093.jpg,91,285,28,16
B/_00094.jpg,91,287,30,20
B/_00095.jpg,92,285,32,22
B/_00096.jpg,89,287,34,22
B/_00097.jpg,90,286,32,22
B/_00098.jpg,89,286,30,22
B/_00099.jpg,88,289,28,18
B/_00100.jpg,87,290,26,18
B/_00101.jpg,86,287,26,22
B/_00102.jpg,85,289,22,18
B/_00103.jpg,80,289,28,16
B/_00104.jpg,76,289,22,18
B/_00105.jpg,79,288,26,20
B/_00106.jpg,73,287,24,18
B/_00107.jpg
B/_00108.jpg
B/_00109.jpg
B/_00110.jpg
B/_00111.jpg
B/_00112.jpg
B/_00113.jpg
B/_00114.jpg
B/_00115.jpg
B/_00116.jpg
B/_00117.jpg
B/_00118.jpg
B/_00119.jpg
B/_00120.jpg
B/_00121.jpg
B/_00122.jpg
B/_00123.jpg
B/_00124.jpg
B/_00125.jpg
B/_00126.jpg
B/_00127.jpg
B/_00128.jpg
B/_00129.jpg
B/_00130.jpg
B/_00131.jpg
B/_00132.jpg
B/_00133.jpg
B/_00134.jpg
B/_00135.jpg
B/_00136.jpg
B/_00137.jpg
B/_00138.jpg
B/_00139.jpg
B/_00140.jpg
B/_00141.jpg
B/_00142.jpg
B/_00143.jpg
B/_00144.jpg
B/_00145.jpg
B/_00146.jpg
B/_00147.jpg
B/_00148.jpg
B/_00149.jpg
B/_00150.jpg
B/_00151.jpg
B/_00152.jpg
B/_00153.jpg
B/_00154.jpg
B/_00155.jpg
B/_00156.jpg
B/_00157.jpg
B/_00158.jpg
B/_00159.jpg
B/_00160.jpg
B/_00161.jpg
B/_00162.jpg
B/_00163.jpg
B/_00164.jpg
B/_00165.jpg
B/_00166.jpg
B/_00167.jpg
B/_00168.jpg
B/_00169.jpg
B/_00170.jpg
B/_00171.jpg
B/_00172.jpg
B/_00173.jpg
B/_00174.jpg
B/_00175.jpg
B/_00176.jpg
B/_00177.jpg
B/_00178.jpg
B/_00179.jpg
B/_00180.jpg
B/_00181.jpg
B/_00182.jpg
B/_00183.jpg
B/_00184.jpg
B/_00185.jpg
B/_00186.jpg
B/_00187.jpg
B/_00188.jpg
B/_00189.jpg
B/_00190.jpg
B/_00191.jpg
B/_00192.jpg
B/_00193.jpg
B/_00194.jpg
B/_00195.jpg
B/_00196.jpg
B/_00197.jpg
B/_00198.jpg
B/_00199.jpg
B/_00200.jpg
B/_00201.jpg
B/_00202.jpg
B/_00203.jpg
B/_00204.jpg
B/_00205.jpg
B/_00206.jpg
B/_00207.jpg
B/_00208.jpg
B/_00209.jpg
B/_00210.jpg
B/_00211.jpg
B/_00212.jpg
B/_00213.jpg
B/_00214.jpg
B/_00215.jpg
B/_00216.jpg
B/_00217.jpg
B/_00218.jpg
B/_00219.jpg
B/_00220.jpg
B/_00221.jpg
B/_00222.jpg
B/_00223.jpg
B/_00224.jpg
B/_00225.jpg
B/_00226.jpg
B/_00227.jpg
B/_00228.jpg
B/_00229.jpg
B/_00230.jpg
B/_00231.jpg
B/_00232.jpg
B/_00233.jpg
B/_00234.jpg
B/_00235.jpg
B/_00236.jpg
B/_00237.jpg
B/_00238.jpg
B/_00239.jpg
B/_00240.jpg
B/_00241.jpg
B/_00242.jpg
B/_00243.jpg
B/_00244.jpg
B/_00245.jpg
B/_00246.jpg
B/_00247.jpg
B/_00248.jpg
B/_00249.jpg
B/_00250.jpg
B/_00251.jpg
B/_00252.jpg
B/_00253.jpg
B/_00254.jpg
B/_00255.jpg
B/_00256.jpg
B/_00257.jpg
B/_00258.jpg
B/_00259.jpg
B/_00260.jpg
B/_00261.jpg
B/_00262.jpg
B/_00263.jpg
B/_00264.jpg
B/_00265.jpg
B/_00266.jpg
B/_00267.jpg
B/_00268.jpg
B/_00269.jpg
B/_00270.jpg
B/_00271.jpg
B/_00272.jpg
B/_00273.jpg
B/_00274.jpg
B/_00275.jpg
B/_00276.jpg
B/_00277.jpg
B/_00278.jpg
B/_00279.jpg
B/_00280.jpg
B/_00281.jpg
B/_00282.jpg
B/_00283.jpg
B/_00284.jpg
B/_00285.jpg
B/_00286.jpg
B/_00287.jpg
B/_00288.jpg
B/_00289.jpg
B/_00290.jpg
B/_00291.jpg
B/_00292.jpg
B/_00293.jpg
B/_00294.jpg
B/_00295.jpg
B/_00296.jpg
B/_00297.jpg
B/_00298.jpg
B/_00299.jpg
B/_00300.jpg
B/_00301.jpg
B/_00302.jpg
B/_00303.jpg
B/_00304.jpg
B/_00305.jpg
B/_00306.jpg
B/_00307.jpg
B/_00308.jpg
B/_00309.jpg
B/_00310.jpg
B/_00311.jpg
B/_00312.jpg
B/_00313.jpg
B/_00314.jpg
B/_00315.jpg
B/_00316.jpg
B/_00317.jpg
B/_00318.jpg
B/_00319.jpg
B/_00320.jpg
B/_00321.jpg
B/_00322.jpg
B/_00323.jpg
B/_00324.jpg
B/_00325.jpg
B/_00326.jpg
B/_00327.jpg
B/_00328.jpg
B/_00329.jpg
B/_00330.jpg
B/_00331.jpg
B/_00332.jpg
B/_00333.jpg
B/_00334.jpg
B/_00335.jpg
B/_00336.jpg
B/_00337.jpg
B/_00338.jpg
B/_00339.jpg
B/_00340.jpg
B/_00341.jpg
B/_00342.jpg
B/_00343.jpg
B/_00344.jpg
B/_00345.jpg
B/_00346.jpg
B/_00347.jpg
B/_00348.jpg
B/_00349.jpg
B/_00350.jpg
B/_00351.jpg
B/_00352.jpg
B/_00353.jpg
B/_00354.jpg
B/_00355.jpg
B/_00356.jpg
B/_00357.jpg
B/_00358.jpg
B/_00359.jpg
B/_00360.jpg
B/_00361.jpg
B/_00362.jpg
B/_00363.jpg
B/_00364.jpg
B/_00365.jpg
B/_00366.jpg
B/_00367.jpg
B/_00368.jpg
B/_00369.jpg
B/_00370.jpg
B/_00371.jpg
B/_00372.jpg
B/_00373.jpg
B/_00374.jpg
B/_00375.jpg
B/_00376.jpg
B/_00377.jpg
B/_00378.jpg
B/_00379.jpg
B/_00380.jpg
B/_00381.jpg
B/_00382.jpg
B/_00383.jpg
B/_00384.jpg
B/_00385.jpg
B/_00386.jpg
B/_00387.jpg
B/_00388.jpg
B/_00389.jpg
B/_00390.jpg
B/_00391.jpg
B/_00392.jpg
B/_00393.jpg
B/_00394.jpg
B/_00395.jpg
B/_00396.jpg
B/_00397.jpg
B/_00398.jpg
B/_00399.jpg
B/_00400.jpg
B/_00401.jpg
B/_00402.jpg
B/_00403.jpg
B/_00404.jpg
B/_00405.jpg
B/_00406.jpg
B/_00407.jpg
B/_00408.jpg
B/_00409.jpg
B/_00410.jpg
B/_00411.jpg
B/_00412.jpg
B/_00413.jpg
B/_00414.jpg
B/_00415.jpg
B/_00416.jpg
B/_00417.jpg
B/_00418.jpg
B/_00419.jpg
B/_00420.jpg
B/_00421.jpg
B/_00422.jpg
B/_00423.jpg
B/_00424.jpg
B/_00425.jpg
B/_00426.jpg
B/_00427.jpg
B/_00428.jpg
B/_00429.jpg
B/_00430.jpg
B/_00431.jpg
B/_00432.jpg
B/_00433.jpg
B/_00434.jpg
B/_00435.jpg
B/_00436.jpg
B/_00437.jpg
B/_00438.jpg
B/_00439.jpg
B/_00440.jpg
B/_00441.jpg
B/_00442.jpg
B/_00443.jpg
B/_00444.jpg
B/_00445.jpg
B/_00446.jpg
B/_00447.jpg
B/_00448.jpg
B/_00449.jpg
B/_00450.jpg
B/_00451.jpg
B/_00452.jpg
B/_00453.jpg
B/_00454.jpg
B/_00455.jpg
B/_00456.jpg
B/_00457.jpg
B/_00458.jpg
B/_00459.jpg
B/_00460.jpg
B/_00461.jpg
B/_00462.jpg
B/_00463.jpg
B/_00464.jpg
B/_00465.jpg
B/_00466.jpg
B/_00467.jpg
B/_00468.jpg
B/_00469.jpg
B/_00470.jpg
B/_00471.jpg
B/_00472.jpg
B/_00473.jpg
B/_00474.jpg
B/_00475.jpg
B/_00476.jpg
B/_00477.jpg
B/_00478.jpg
B/_00479.jpg
B/_00480.jpg
B/_00481.jpg
B/_00482.jpg
B/_00483.jpg
B/_00484.jpg
B/_00485.jpg
B/_00486.jpg
B/_00487.jpg
B/_00488.jpg
B/_00489.jpg
B/_00490.jpg
B/_00491.jpg
B/_00492.jpg
B/_00493.jpg
B/_00494.jpg
B/_00495.jpg
B/_00496.jpg
B/_00497.jpg
B/_00498.jpg
B/_00499.jpg
B/_03601.jpg
B/_03602.jpg
B/_03603.jpg
B/_03604.jpg
B/_03605.jpg
B/_03606.jpg
B/_03607.jpg
B/_03608.jpg
B/_03609.jpg
B/_03610.jpg
B/_03611.jpg
B/_03612.jpg
B/_03613.jpg
B/_03614.jpg
B/_03615.jpg
B/_03616.jpg
B/_03617.jpg
B/_03618.jpg
B/_03619.jpg,523,169,56,36
B/_03620.jpg,518,171,50,34
B/_03621.jpg,519,173,50,38
B/_03622.jpg,506,172,48,36
B/_03623.jpg,505,171,50,42
B/_03624.jpg,497,174,48,34
B/_03625.jpg,495,171,52,40
B/_03626.jpg,485,174,52,38
B/_03627.jpg,484,174,54,34
B/_03628.jpg,480,171,42,42
B/_03629.jpg,475,173,48,38
B/_03630.jpg,469,171,48,38
B/_03631.jpg,467,172,48,38
B/_03632.jpg,460,171,50,40
B/_03633.jpg,458,173,50,34
B/_03634.jpg
B/_03635.jpg
B/_03636.jpg
B/_03637.jpg
B/_03638.jpg
B/_03639.jpg
B/_03640.jpg
B/_03641.jpg
B/_03642.jpg
B/_03643.jpg
B/_03644.jpg,445,171,42,30
B/_03645.jpg,445,172,38,30
B/_03646.jpg
B/_03647.jpg,447,170,40,34
B/_03648.jpg,448,173,36,32
B/_03649.jpg,448,171,42,38
B/_03650.jpg,449,170,38,38
B/_03651.jpg,447,171,38,38
B/_03652.jpg,445,171,42,30
B/_03653.jpg,447,170,40,34
B/_03654.jpg,451,170,48,32
B/_03655.jpg,446,172,44,34
B/_03656.jpg,447,170,40,38
B/_03657.jpg,447,169,40,36
B/_03658.jpg,446,170,40,38
B/_03659.jpg,448,168,36,32
B/_03660.jpg,447,167,38,34
B/_03661.jpg,448,169,38,30
B/_03662.jpg,448,167,38,32
B/_03663.jpg,448,168,36,32
B/_03664.jpg,448,168,34,32
B/_03665.jpg,447,165,40,38
B/_03666.jpg,447,168,40,42
B/_03667.jpg,444,170,46,36
B/_03668.jpg,447,163,44,44
B/_03669.jpg,445,166,42,36
B/_03670.jpg
B/_03671.jpg
B/_03672.jpg,441,167,34,36
B/_03673.jpg
B/_03674.jpg,438,166,42,36
B/_03675.jpg,439,164,40,38
B/_03676.jpg
B/_03677.jpg,438,164,38,30
B/_03678.jpg,436,164,42,34
B/_03679.jpg,440,163,36,34
B/_03680.jpg,440,164,34,34
B/_03681.jpg,441,165,38,34
B/_03682.jpg,441,163,34,30
B/_03683.jpg,443,160,34,30
B/_03684.jpg
B/_03685.jpg,448,158,34,30
B/_03686.jpg,455,154,34,38
B/_03687.jpg,452,153,36,38
B/_03688.jpg
B/_03689.jpg
B/_03690.jpg
B/_03691.jpg
B/_03692.jpg,461,150,30,34
B/_03693.jpg,459,152,28,40
B/_03694.jpg
B/_03695.jpg
B/_03696.jpg
B/_03697.jpg
B/_03698.jpg,393,155,52,36
B/_03699.jpg,397,158,48,32
B/_03701.jpg,476,157,34,38
B/_03702.jpg,475,155,36,38
B/_03703.jpg,479,159,36,40
B/_03704.jpg,484,157,38,36
B/_03705.jpg,486,159,38,34
B/_03706.jpg,489,162,36,34
B/_03707.jpg,416,163,46,30
B/_03708.jpg,492,161,40,30
B/_03709.jpg,496,161,36,30
B/_03710.jpg,424,165,38,30
B/_03711.jpg,495,162,40,40
B/_03712.jpg,426,165,40,32
B/_03713.jpg,504,165,38,32
B/_03714.jpg,508,165,36,32,433,169,44,28
B/_03715.jpg,438,170,48,30,512,167,36,34
B/_03716.jpg,441,168,42,28
B/_03717.jpg,445,171,44,30
B/_03718.jpg,447,169,48,28
B/_03719.jpg
B/_03720.jpg
B/_03721.jpg
B/_03722.jpg
B/_03723.jpg
B/_03724.jpg
B/_03725.jpg
B/_03726.jpg
B/_03727.jpg
B/_03728.jpg
B/_03729.jpg
B/_03730.jpg
B/_03731.jpg
B/_03732.jpg
B/_03733.jpg
B/_03734.jpg
B/_03735.jpg
B/_03736.jpg
B/_03737.jpg
B/_03738.jpg
B/_03739.jpg
B/_03740.jpg
B/_03741.jpg
B/_03742.jpg
B/_03743.jpg
B/_03744.jpg
B/_03745.jpg
B/_03746.jpg
B/_03747.jpg
B/_03748.jpg
B/_03749.jpg
B/_03750.jpg
B/_03751.jpg
B/_03752.jpg
B/_03753.jpg
B/_03754.jpg
B/_03755.jpg
B/_03756.jpg
B/_03757.jpg
B/_03758.jpg
B/_03759.jpg
B/_03760.jpg
B/_03761.jpg
B/_03762.jpg
B/_03763.jpg
B/_03764.jpg
B/_03765.jpg
B/_03766.jpg
B/_03767.jpg
B/_03768.jpg
B/_03769.jpg
B/_03770.jpg
B/_03771.jpg
B/_03772.jpg
B/_03773.jpg
B/_03774.jpg
B/_03775.jpg
B/_03776.jpg
B/_03777.jpg
B/_03778.jpg
B/_03779.jpg
B/_03780.jpg
B/_03781.jpg
B/_03782.jpg
B/_03783.jpg
B/_03784.jpg
B/_03785.jpg
B/_03786.jpg
B/_03787.jpg
B/_03788.jpg
B/_03789.jpg
B/_03790.jpg
B/_03791.jpg
B/_03792.jpg
B/_03793.jpg
B/_03794.jpg
B/_03795.jpg
B/_03796.jpg
B/_03797.jpg
B/_03798.jpg
B/_03799.jpg
B/_03801.jpg
B/_03802.jpg
B/_03803.jpg
B/_03804.jpg
B/_03805.jpg
B/_03806.jpg
B/_03807.jpg
B/_03808.jpg
B/_03809.jpg
B/_03810.jpg
B/_03811.jpg
B/_03812.jpg
B/_03813.jpg
B/_03814.jpg
B/_03815.jpg
B/_03816.jpg
B/_03817.jpg
B/_03818.jpg
B/_03819.jpg
B/_03820.jpg
B/_03821.jpg
B/_03822.jpg
B/_03823.jpg
B/_03824.jpg
B/_03825.jpg
B/_03826.jpg
B/_03827.jpg
B/_03828.jpg
B/_03829.jpg
B/_03830.jpg
B/_03831.jpg
B/_03832.jpg
B/_03833.jpg
B/_03834.jpg
B/_03835.jpg
B/_03836.jpg
B/_03837.jpg
B/_03838.jpg
B/_03839.jpg
B/_03840.jpg
B/_03841.jpg
B/_03842.jpg
B/_03843.jpg
B/_03844.jpg
B/_03845.jpg
B/_03846.jpg
B/_03847.jpg
B/_03848.jpg
B/_03849.jpg
B/_03850.jpg
B/_03851.jpg
B/_03852.jpg
B/_03853.jpg
B/_03854.jpg
B/_03855.jpg
B/_03856.jpg
B/_03857.jpg
B/_03858.jpg
B/_03859.jpg
B/_03860.jpg
B/_03861.jpg
B/_03862.jpg
B/_03863.jpg
B/_03864.jpg
B/_03865.jpg
B/_03866.jpg
B/_03867.jpg
B/_03868.jpg
B/_03869.jpg
B/_03870.jpg
B/_03871.jpg
B/_03872.jpg
B/_03873.jpg
B/_03874.jpg
B/_03875.jpg
B/_03876.jpg
B/_03877.jpg
B/_03878.jpg
B/_03879.jpg
B/_03880.jpg
B/_03881.jpg
B/_03882.jpg
B/_03883.jpg
B/_03884.jpg
B/_03885.jpg
B/_03886.jpg
B/_03887.jpg
B/_03888.jpg
B/_03889.jpg
B/_03890.jpg
B/_03891.jpg
B/_03892.jpg
B/_03893.jpg
B/_03894.jpg
B/_03895.jpg
B/_03896.jpg
B/_03897.jpg
B/_03898.jpg
B/_03899.jpg
B/_03901.jpg
B/_03902.jpg
B/_03903.jpg
B/_03904.jpg
B/_03905.jpg
B/_03906.jpg
B/_03907.jpg
B/_03908.jpg
B/_03909.jpg
B/_03910.jpg
B/_03911.jpg
B/_03912.jpg
B/_03913.jpg
B/_03914.jpg
B/_03915.jpg
B/_03916.jpg
B/_03917.jpg
B/_03918.jpg
B/_03919.jpg
B/_03920.jpg
B/_03921.jpg
B/_03922.jpg
B/_03923.jpg
B/_03924.jpg
B/_03925.jpg
B/_03926.jpg
B/_03927.jpg
B/_03928.jpg
B/_03929.jpg
B/_03930.jpg
B/_03931.jpg
B/_03932.jpg
B/_03933.jpg
B/_03934.jpg
B/_03935.jpg
B/_03936.jpg
B/_03937.jpg,236,98,48,28
B/_03938.jpg,226,95,50,30
B/_03939.jpg,229,99,52,26
B/_03940.jpg,223,97,54,24
B/_03941.jpg,217,95,50,28
B/_03942.jpg,216,94,48,28
B/_03943.jpg,213,92,54,28
B/_03944.jpg,212,89,48,32
B/_03945.jpg,213,87,48,34
B/_03946.jpg,209,88,46,26
B/_03947.jpg,208,82,44,38
B/_03948.jpg,207,84,42,28
B/_03949.jpg,202,82,42,30
B/_03950.jpg,200,82,46,26
B/_03951.jpg,203,81,40,32
B/_03952.jpg,201,86,50,28
B/_03953.jpg,198,80,48,24
B/_03954.jpg,195,79,54,34
B/_03955.jpg,193,84,52,24
B/_03956.jpg,190,77,50,34
B/_03957.jpg,189,80,50,24
B/_03958.jpg,188,79,48,28
B/_03959.jpg,189,78,50,26
B/_03960.jpg,183,79,54,24
B/_03961.jpg,184,77,50,28
B/_03962.jpg,185,78,48,22
B/_03963.jpg,186,80,50,26
B/_03964.jpg,185,78,48,22
B/_03965.jpg,188,78,48,30
B/_03966.jpg,194,80,48,24
B/_03967.jpg,347,198,64,48,463,189,48,56
B/_03968.jpg,462,186,50,56,347,192,62,42
B/_03969.jpg,340,187,60,46,458,188,50,48
B/_03970.jpg,458,189,50,44,346,190,64,48
B/_03971.jpg,336,186,60,52,453,186,64,54
B/_03972.jpg,455,183,60,60,335,185,66,54
B/_03973.jpg,443,185,60,54
B/_03974.jpg,440,186,72,64
B/_03975.jpg,439,183,70,56
B/_03976.jpg,437,186,72,50
B/_03977.jpg,432,187,72,54
B/_03978.jpg,429,186,72,46
B/_03979.jpg,426,187,72,46
B/_03980.jpg,423,188,78,56
B/_03981.jpg,420,188,78,58
B/_03982.jpg,417,188,80,60
B/_03983.jpg,423,189,70,52
B/_03984.jpg,419,187,78,54
B/_03985.jpg,414,187,78,50
B/_03986.jpg,422,186,68,52
B/_03987.jpg,423,190,76,50
B/_03988.jpg,424,188,74,58
B/_03989.jpg,428,186,72,50
B/_03990.jpg,431,187,76,58
B/_03991.jpg,435,186,76,58
B/_03992.jpg,444,187,74,54
B/_03993.jpg,449,188,70,46
B/_03994.jpg,449,184,74,58
B/_03995.jpg,455,185,74,60
B/_03996.jpg,456,186,70,50
B/_03997.jpg,457,186,66,58
B/_03998.jpg,457,189,66,62,344,189,48,52
B/_03500.jpg,525,164,48,40
B/_03501.jpg,535,164,48,36
B/_03502.jpg,543,166,40,36
B/_03503.jpg,549,164,44,40
B/_03504.jpg
B/_03505.jpg
B/_03506.jpg
B/_03507.jpg
B/_03508.jpg
B/_03509.jpg
B/_03510.jpg
B/_03511.jpg
B/_03512.jpg
B/_03513.jpg
B/_03514.jpg
B/_03515.jpg
B/_03516.jpg
B/_03517.jpg
B/_03518.jpg
B/_03519.jpg
B/_03520.jpg
B/_03521.jpg
B/_03522.jpg
B/_03523.jpg
B/_03524.jpg
B/_03525.jpg
B/_03526.jpg
B/_03527.jpg
B/_03528.jpg
B/_03529.jpg
B/_03530.jpg
B/_03531.jpg
B/_03532.jpg
B/_03533.jpg
B/_03534.jpg
B/_03535.jpg
B/_03536.jpg
B/_03537.jpg
B/_03538.jpg
B/_03539.jpg
B/_03540.jpg
B/_03541.jpg
B/_03542.jpg
B/_03543.jpg
B/_03544.jpg
B/_03545.jpg
B/_03546.jpg
B/_03547.jpg
B/_03548.jpg
B/_03549.jpg
B/_03550.jpg
B/_03551.jpg
B/_03552.jpg
B/_03553.jpg
B/_03554.jpg
B/_03555.jpg
B/_03556.jpg
B/_03557.jpg
B/_03558.jpg
B/_03559.jpg
B/_03560.jpg
B/_03561.jpg
B/_03562.jpg
B/_03563.jpg
B/_03564.jpg
B/_03565.jpg
B/_03566.jpg
B/_03567.jpg
B/_03568.jpg
B/_03569.jpg
B/_03570.jpg
B/_03571.jpg
B/_03572.jpg
B/_03573.jpg
B/_03574.jpg
B/_03575.jpg
B/_03576.jpg
B/_03577.jpg
B/_03578.jpg
B/_03579.jpg
B/_03580.jpg
B/_03581.jpg
B/_03582.jpg
B/_03583.jpg
B/_03584.jpg
B/_03585.jpg
B/_03586.jpg
B/_03587.jpg
B/_03588.jpg
B/_03589.jpg
B/_03590.jpg
B/_03591.jpg
B/_03592.jpg
B/_03593.jpg
B/_03594.jpg
B/_03595.jpg
B/_03596.jpg
B/_03597.jpg
B/_03598.jpg
B/_03599.jpg
A/_02000.jpg,193,170,36,24
A/_02001.jpg,195,170,44,20
A/_02002.jpg,201,170,40,24
A/_02003.jpg,201,168,36,28
A/_02004.jpg,203,168,40,20
A/_02005.jpg,201,168,40,28
A/_02006.jpg,231,212,36,24
A/_02007.jpg,231,216,40,20
A/_02008.jpg,229,214,36,20
A/_02009.jpg,229,216,36,20
A/_02010.jpg,227,214,36,20
A/_02011.jpg,225,216,40,16
A/_02012.jpg,221,214,36,20
A/_02013.jpg,219,218,36,20
A/_02014.jpg,217,216,36,20
A/_02015.jpg,219,216,44,20
A/_02016.jpg,215,218,40,28
A/_02017.jpg,211,216,44,24
A/_02018.jpg,211,216,36,28
A/_02019.jpg,207,216,40,20
A/_02020.jpg,207,218,44,24
A/_02021.jpg,207,216,40,24
A/_02022.jpg,207,216,40,24
A/_02023.jpg,319,288,24,24,209,218,44,24
A/_02024.jpg,213,218,40,24,315,288,28,24
A/_02025.jpg,219,218,44,24,307,290,24,20
A/_02026.jpg,223,218,40,24,303,290,20,32
A/_02027.jpg,221,220,40,24
A/_02028.jpg,229,216,32,32
A/_02029.jpg,237,218,32,32
A/_02030.jpg,239,218,32,28
A/_02031.jpg,249,220,32,24
A/_02032.jpg,253,218,28,20,187,218,28,20
A/_02033.jpg,273,296,20,28,251,214,32,28,189,220,28,20
A/_02034.jpg,191,220,36,20,257,216,24,20,263,298,28,20
A/_02035.jpg,257,298,28,24,263,218,28,20,197,220,40,24
A/_02036.jpg,199,218,32,20,267,220,28,24,249,300,32,24
A/_02037.jpg,205,218,32,24,267,214,32,20,243,298,28,32
A/_02038.jpg,235,300,32,32,273,214,28,24,209,220,36,24
A/_02039.jpg,207,220,32,20,273,214,28,20,237,298,24,20
A/_02040.jpg,233,302,24,24,211,220,36,32,275,214,24,24
A/_02041.jpg,211,218,36,24,277,212,28,24,225,304,24,20
A/_02042.jpg,221,306,24,28,211,220,40,20
A/_02043.jpg,215,218,32,24,217,310,24,20
A/_02044.jpg,213,220,36,28,215,310,28,24
A/_02045.jpg,215,222,32,24,213,314,24,20
A/_02046.jpg,213,224,40,20,211,314,32,28
A/_02047.jpg,211,222,36,24,211,314,28,24
A/_02048.jpg,207,316,36,20,211,220,36,28
A/_02049.jpg,209,222,36,20,207,318,32,16
A/_02050.jpg,207,320,32,24,209,224,48,32
A/_02051.jpg,209,222,44,28,209,320,36,24
A/_02052.jpg,209,224,44,16,207,318,36,28
A/_02053.jpg,209,322,32,28,211,222,40,28
A/_02054.jpg,209,226,40,24,211,324,32,32
A/_02055.jpg,215,326,24,24,207,224,40,20
A/_02056.jpg,209,222,32,28,221,326,24,28
A/_02057.jpg,221,328,32,24,209,224,36,32
A/_02058.jpg,209,226,28,20,221,330,28,24
A/_02059.jpg,225,334,28,24
A/_02060.jpg,207,224,32,28,227,334,28,20
A/_02061.jpg,231,338,32,24,209,224,36,32
A/_02062.jpg,235,338,32,24
A/_02063.jpg,237,342,32,28
A/_02064.jpg,237,338,32,32
A/_02065.jpg,239,340,32,24
A/_02066.jpg,239,346,28,24
A/_02067.jpg,237,344,36,28
A/_02068.jpg,235,346,32,24,255,222,36,28
A/_02069.jpg,253,226,36,24,233,350,32,28
A/_02070.jpg,233,350,32,24,253,222,40,24
A/_02071.jpg,251,226,32,28,229,350,36,32
A/_02072.jpg,225,350,28,32,249,224,36,28
A/_02073.jpg,247,224,40,24,221,350,28,28
A/_02074.jpg,215,352,32,24,241,226,40,32
A/_02075.jpg,243,226,44,28,209,354,32,28
A/_02076.jpg,209,354,36,28,241,224,48,36
A/_02077.jpg,245,228,40,28,203,356,32,24
A/_02078.jpg,203,358,36,36,243,228,40,28
A/_02079.jpg,241,228,48,36,197,352,32,32
A/_02080.jpg,191,358,36,28,237,226,44,40
A/_02081.jpg,237,228,52,28,187,360,40,28
A/_02082.jpg,189,356,40,32,237,230,48,32
A/_02083.jpg,239,228,36,28,183,360,36,28
A/_02084.jpg,181,356,32,28,235,228,44,32
A/_02085.jpg,235,230,32,40,177,356,40,32
A/_02086.jpg,171,356,36,28,231,228,48,28
A/_02087.jpg,233,234,40,40,165,352,40,40
A/_02088.jpg,237,228,44,44,169,356,36,48
A/_02089.jpg,229,230,52,44,163,356,44,40
A/_02090.jpg,229,230,44,36,161,354,48,40
A/_02091.jpg,227,230,52,36,155,350,36,48
A/_02092.jpg,153,352,44,28,227,234,40,40
A/_02093.jpg,229,232,52,32
A/_02094.jpg,153,350,44,28
A/_02095.jpg,315,202,44,32,399,296,28,28
A/_02096.jpg,305,204,56,32,397,290,32,32
A/_02097.jpg,401,290,36,40,305,198,44,28
A/_02098.jpg,297,200,48,24,403,288,40,36
A/_02099.jpg,399,288,40,32,291,196,40,28
A/_02101.jpg,285,194,36,24,345,188,40,24,399,284,44,28
A/_02102.jpg,405,282,36,28,281,188,40,20
A/_02103.jpg,333,184,44,36,407,278,32,32,283,344,28,28,329,348,28,28
A/_02104.jpg,331,190,36,28,413,282,32,32,333,348,44,28
A/_02105.jpg,327,350,32,32,417,278,36,32,327,184,40,32
A/_02106.jpg,331,186,36,32,411,282,40,32,327,348,36,24
A/_02107.jpg,323,186,44,36,417,282,32,32,323,354,40,24
A/_02108.jpg,323,182,36,32,417,282,32,24,323,356,40,36
A/_02109.jpg,315,354,40,20,419,282,36,32,317,178,36,36
A/_02110.jpg,313,186,44,36,419,284,32,32,317,350,36,36
A/_02111.jpg,303,358,52,24,419,282,32,36,299,180,48,32
A/_02112.jpg,305,186,44,40
A/_02113.jpg,425,282,32,32,307,356,44,28,295,184,44,40
A/_02114.jpg,293,188,44,36,427,280,32,28,301,352,56,40
A/_02115.jpg,293,362,48,28,427,286,36,32,283,184,40,36
A/_02116.jpg,283,186,40,32,433,282,32,24,287,364,40,20
A/_02117.jpg,287,366,56,20,433,282,24,24,277,184,44,24
A/_02118.jpg,279,184,44,36,435,282,32,24,287,368,44,16
A/_02119.jpg,273,184,44,28,433,282,28,24,273,364,48,24
A/_02120.jpg,273,370,36,28,431,286,40,20,269,180,48,32
A/_02121.jpg,265,186,52,24,433,282,36,28,269,368,48,16
A/_02122.jpg,431,286,36,24,259,184,44,24
A/_02123.jpg,269,182,52,24,427,282,36,36
A/_02124.jpg,261,186,40,28,431,286,36,32
A/_02125.jpg,433,288,36,32,265,178,44,32
A/_02126.jpg,259,186,44,24,431,290,36,28
A/_02127.jpg,255,182,44,36,429,292,40,24
A/_02128.jpg,433,294,36,32,257,182,40,28
A/_02129.jpg,253,184,44,28
A/_02130.jpg,253,182,44,36
A/_02131.jpg,247,182,40,28
A/_02132.jpg,251,182,44,28
A/_02133.jpg,241,182,40,32
A/_02134.jpg,237,178,36,36
A/_02135.jpg,231,182,40,32,293,176,44,32
A/_02136.jpg,295,180,36,32
A/_02137.jpg,291,184,40,40
A/_02138.jpg,289,186,36,36
A/_02139.jpg,287,178,32,28
A/_02140.jpg,283,180,36,32
A/_02141.jpg,277,180,48,32
A/_02142.jpg,279,184,48,24
A/_02143.jpg,275,186,36,32
A/_02144.jpg,277,184,36,32
A/_02145.jpg,275,190,36,36
A/_02146.jpg,273,186,48,32
A/_02147.jpg,399,288,0,0,399,288,32,40,269,188,52,28
A/_02148.jpg,275,190,40,32,399,286,28,32
A/_02149.jpg,395,286,40,28,269,186,52,32
A/_02150.jpg,277,190,44,32,387,286,32,36
A/_02151.jpg,383,280,32,32,271,188,48,24
A/_02152.jpg,279,188,44,28,373,284,36,28
A/_02153.jpg,371,282,32,24,277,182,48,36
A/_02154.jpg,277,192,44,40,369,278,32,36
A/_02155.jpg,361,288,32,36,275,186,48,32
A/_02156.jpg,279,188,52,28,357,282,36,32
A/_02157.jpg,351,284,32,36,281,190,44,28
A/_02158.jpg,291,196,32,40,347,278,40,28
A/_02159.jpg,293,202,48,36,343,278,32,28
A/_02160.jpg,289,200,52,36,341,284,28,32
A/_02161.jpg,337,282,32,44
A/_02162.jpg,301,202,44,36,329,282,28,28
A/_02163.jpg,325,282,32,44,303,214,32,36
A/_02164.jpg,303,214,44,36,325,280,32,24
A/_02165.jpg,329,280,28,28,233,192,32,44,301,214,36,36
A/_02166.jpg,295,214,44,40,233,200,32,40,329,276,32,32
A/_02167.jpg,333,282,32,32,295,214,36,32,225,200,44,36
A/_02168.jpg,293,212,32,32,333,276,28,36,219,198,36,40
A/_02169.jpg,223,206,36,40,289,216,36,36,331,278,28,32
A/_02170.jpg,291,214,36,32,221,204,40,28,329,276,28,28
A/_02171.jpg,289,210,36,32,221,196,44,44,327,280,32,28
A/_02172.jpg,329,280,36,24,283,206,36,28,219,196,40,40
A/_02173.jpg,217,202,40,36,287,212,44,32,325,278,32,32
A/_02174.jpg,327,276,32,28,283,206,44,24,215,202,40,24
A/_02175.jpg,221,204,56,24,289,208,40,32,325,280,36,32
A/_02176.jpg,327,278,28,28,285,208,44,32,227,206,44,36
A/_02177.jpg,219,208,52,28,323,274,32,36,285,278,28,28
A/_02178.jpg,221,208,48,32
A/_02179.jpg,327,282,28,40,291,278,28,28,223,204,48,36
A/_02180.jpg,233,214,44,36,291,276,32,28,333,282,32,36
A/_02181.jpg,331,282,32,36,297,280,32,28,229,214,48,32
A/_02182.jpg,229,212,52,36,291,282,32,24,337,282,28,28
A/_02183.jpg,333,282,32,28,291,282,32,28,229,212,40,28
A/_02184.jpg,231,206,48,40,293,280,36,28,333,284,32,28
A/_02185.jpg,335,284,28,36,295,278,28,32,227,212,40,28
A/_02186.jpg,219,216,48,32,297,282,32,36,333,284,32,32
A/_02187.jpg,223,208,40,32,291,278,36,24,335,284,32,36
A/_02188.jpg,341,288,28,36,293,280,32,32,221,214,44,32
A/_02189.jpg,217,214,40,36,295,282,28,28,335,286,28,36
A/_02190.jpg,337,286,24,36,299,282,20,32,217,218,44,40
A/_02191.jpg,215,212,40,32,297,274,32,48,341,284,28,36
A/_02192.jpg,333,286,36,32,295,282,20,32,209,206,44,44
A/_02193.jpg,207,214,48,28,293,278,24,16,333,284,24,32
A/_02194.jpg,333,290,24,28,291,280,32,20,207,208,44,28
A/_02195.jpg,207,214,40,32,329,284,24,32,289,274,24,36
A/_02196.jpg,291,278,32,32,329,288,32,28,205,214,56,20
A/_02197.jpg,207,214,36,32,287,280,36,24,327,284,28,40
A/_02198.jpg,323,288,28,32,283,274,24,32,213,216,36,28
A/_02199.jpg,209,214,44,28,271,282,40,16,317,288,32,32
A/_02201.jpg,225,216,36,28,303,286,24,32
A/_02202.jpg,221,218,40,40,299,290,32,24
A/_02203.jpg,297,290,28,32,227,216,40,28
A/_02204.jpg,235,216,44,28,289,294,28,24
A/_02205.jpg,243,218,36,28,279,288,36,36
A/_02206.jpg,279,298,28,32
A/_02207.jpg,253,220,32,40,187,216,32,24,273,294,28,32
A/_02208.jpg,273,292,24,36,253,214,28,28,189,216,32,28
A/_02209.jpg,193,218,36,24,257,218,32,36,263,298,28,20
A/_02210.jpg,255,296,36,28,259,214,36,28,199,214,36,28
A/_02211.jpg,201,218,36,24,267,214,32,32,249,296,28,28
A/_02212.jpg,245,298,28,24,269,212,28,32,207,214,32,28
A/_02213.jpg,207,216,36,28,269,212,36,28,235,298,32,24
A/_02214.jpg,241,296,28,28,275,210,32,28,207,218,48,20
A/_02215.jpg,213,218,36,32,275,212,32,20,227,296,40,28
A/_02216.jpg,229,302,32,24,219,216,40,28,277,212,36,32
A/_02217.jpg,221,218,44,32,221,302,40,28,275,208,32,40
A/_02218.jpg,219,218,40,24,281,212,24,36,221,304,40,32
A/_02219.jpg,213,310,36,20,217,224,40,32,273,212,36,28
A/_02220.jpg,217,222,48,24,277,210,36,24,215,308,36,24
A/_02221.jpg,211,312,40,20,217,220,36,24,269,214,28,24
A/_02222.jpg,213,220,40,32,273,212,32,24,209,316,32,32
A/_02223.jpg,213,222,36,28,273,212,24,36,209,314,36,28
A/_02224.jpg,213,218,32,32,207,316,32,36,269,212,28,28
A/_02225.jpg,215,222,40,32,271,214,28,36,209,312,36,32
A/_02226.jpg,219,218,52,32,269,218,28,32,207,316,28,28
A/_02227.jpg,213,220,36,36,205,318,36,28
A/_02228.jpg,213,220,44,32,209,316,36,32
A/_02229.jpg,213,220,40,32,213,316,36,32
A/_02230.jpg,213,226,40,28,215,318,32,36
A/_02231.jpg,213,224,32,28,217,322,36,28
A/_02232.jpg,209,224,40,28,221,324,28,36
A/_02233.jpg,225,332,32,28,209,224,40,24
A/_02234.jpg,209,224,40,28,225,326,32,40
A/_02235.jpg,207,222,40,32,229,332,32,24
A/_02236.jpg,229,330,40,28,207,224,36,20
A/_02237.jpg,213,222,28,24,233,332,32,28
A/_02238.jpg,231,336,32,28,211,226,28,28
A/_02239.jpg,235,340,36,28
A/_02240.jpg,239,338,28,36
A/_02241.jpg,237,342,40,32
A/_02242.jpg,239,342,32,28
A/_02243.jpg,253,218,40,28,235,344,32,28
A/_02244.jpg,235,342,32,32,257,218,32,28
A/_02245.jpg,251,222,40,24,233,346,32,36
A/_02246.jpg,249,224,36,28,231,346,32,40
A/_02247.jpg,249,222,40,28,225,352,36,44
A/_02248.jpg,245,226,40,32
A/_02249.jpg,219,350,36,28,247,222,36,24
A/_02250.jpg,247,224,44,28,217,352,44,28
A/_02251.jpg,207,352,36,32,243,220,36,36
A/_02252.jpg,243,224,36,32,207,352,32,32
A/_02253.jpg,199,354,36,36,239,230,44,36
A/_02254.jpg,243,224,40,32,197,356,36,32
A/_02255.jpg,239,228,44,36,189,354,40,32
A/_02256.jpg,241,222,40,40,193,352,36,32
A/_02257.jpg,239,226,36,32,189,352,40,40
A/_02258.jpg,239,224,44,36,187,356,40,32
A/_02259.jpg,237,226,40,36,185,354,40,40
A/_02260.jpg,237,226,40,32,183,354,36,32
A/_02261.jpg,239,228,52,36,177,354,36,36
A/_02262.jpg,229,230,52,28,167,350,44,36
A/_02263.jpg,239,228,52,32,169,352,44,36
A/_02264.jpg,235,230,44,32,163,356,44,36
A/_02265.jpg,227,226,56,32,155,350,36,32
A/_02266.jpg,231,226,40,32,153,348,32,36
A/_02267.jpg,225,228,40,28,151,348,36,32




