226 155
247 188
360 346
362 366
380 344
383 365

226 155
247 188
360 346
362 366
380 344
383 365

336 352
359 345
360 364
378 343
381 363

336 352
359 345
360 364
378 343
381 363

37 129
336 352
359 345
360 364
378 343
381 363

37 129
252 156
336 352
359 345
360 364
378 343
381 363

37 129
251 156
336 352
359 345
360 364
378 343
381 363

37 129
336 352
359 345
360 364
378 343
381 363

38 129
336 352
359 345
360 364
378 343
381 363

37 129
336 352
359 345
360 364
378 343
381 364

37 129
336 352
359 345
360 364
378 343
381 363

37 129
336 352
359 345
360 364
378 343
381 363

37 129
336 352
359 345
360 364
378 343
381 364

336 352
359 345
360 364
378 343
381 364

38 130
336 352
359 345
360 364
378 343
381 363

37 129
336 352
359 345
360 365
378 343
381 364

37 129
250 156
336 352
359 345
360 365
378 343
381 364

37 129
250 156
336 352
359 345
360 365
378 343
382 364

37 129
250 156
355 345
356 364
375 344
377 363

37 129
250 156
339 344
356 365

